
(1009.5,434.5,1.0)
(928.5,434.5,1.0)
(1116.5,522.5,1.0)
(1131.5,434.5,1.0)
(819.5,67.5,1.0)
(740.5,67.5,1.0)
(933.5,171.5,1.0)
(937.5,67.5,1.0)
(1062.5,693.5,1.0)
(1006.5,693.5,1.0)
(1134.5,744.5,1.0)
(1144.5,693.5,1.0)
(360.5,435.5,1.0)
(309.5,435.5,1.0)
(451.5,492.5,1.0)
(437.5,435.5,1.0)
(555.5,477.5,1.0)
(485.5,477.5,1.0)
(667.5,551.5,1.0)
(659.5,477.5,1.0)
(689.5,625.5,1.0)
(636.5,625.5,1.0)
(772.5,678.5,1.0)
(769.5,625.5,1.0)
(1522.5,411.5,1.0)
(1453.5,411.5,1.0)
(1592.5,488.5,1.0)
(1626.5,411.5,1.0)
(1640.5,496.5,1.0)
(926.5,756.5,1.0)
(888.5,756.5,1.0)
(980.5,790.5,1.0)
(983.5,756.5,1.0)
(653.5,47.5,1.0)
(434.5,47.5,1.0)
(965.5,316.5,1.0)
(982.5,47.5,1.0)
(1501.5,1024.5,1.0)
(1342.5,1024.5,1.0)
(817.5,867.5,1.0)
(755.5,867.5,1.0)
(909.5,918.5,1.0)
(911.5,867.5,1.0)
(318.5,65.5,1.0)
(260.5,65.5,1.0)
(422.5,143.5,1.0)
(405.5,65.5,1.0)
(646.5,672.5,1.0)
(600.5,672.5,1.0)
(719.5,716.5,1.0)
(715.5,672.5,1.0)
(499.5,801.5,1.0)
(440.5,801.5,1.0)
(597.5,852.5,1.0)
(587.5,801.5,1.0)
(614.5,572.5,1.0)
(565.5,572.5,1.0)
(692.5,621.5,1.0)
(687.5,572.5,1.0)
(936.5,1036.5,1.0)
(878.5,1036.5,1.0)
(1023.5,1036.5,1.0)
(487.5,735.5,1.0)
(430.5,735.5,1.0)
(583.5,786.5,1.0)
(573.5,735.5,1.0)
(1185.5,601.5,1.0)
(1117.5,601.5,1.0)
(1269.5,669.5,1.0)
(1289.5,601.5,1.0)
(1279.5,989.5,1.0)
(1233.5,989.5,1.0)
(1332.5,1023.5,1.0)
(1347.5,989.5,1.0)
(510.5,491.5,1.0)
(467.5,491.5,1.0)
(582.5,537.5,1.0)
(575.5,491.5,1.0)
(928.5,511.5,1.0)
(873.5,511.5,1.0)
(1005.5,569.5,1.0)
(1011.5,511.5,1.0)
(972.5,123.5,1.0)
(908.5,123.5,1.0)
(1060.5,207.5,1.0)
(1069.5,123.5,1.0)
(350.5,816.5,1.0)
(252.5,816.5,1.0)
(519.5,897.5,1.0)
(496.5,816.5,1.0)
(1109.5,1034.5,1.0)
(1050.5,1034.5,1.0)
(1197.5,1034.5,1.0)
(650.5,558.5,1.0)
(546.5,558.5,1.0)
(810.5,662.5,1.0)
(807.5,558.5,1.0)
(156.5,655.5,1.0)
(80.5,655.5,1.0)
(297.5,726.5,1.0)
(268.5,655.5,1.0)
(321.5,909.5,1.0)
(261.5,909.5,1.0)
(429.5,957.5,1.0)
(411.5,909.5,1.0)
(1450.5,762.5,1.0)
(1323.5,762.5,1.0)
(1578.5,870.5,1.0)
(1641.5,762.5,1.0)
(278.5,70.5,1.0)
(155.5,70.5,1.0)
(493.5,228.5,1.0)
(463.5,70.5,1.0)
(952.5,890.5,1.0)
(909.5,890.5,1.0)
(1012.5,925.5,1.0)
(1017.5,890.5,1.0)
(1411.5,271.5,1.0)
(1282.5,271.5,1.0)
(1544.5,420.5,1.0)
(1605.5,271.5,1.0)
(543.5,778.5,1.0)
(423.5,778.5,1.0)
(733.5,879.5,1.0)
(723.5,778.5,1.0)
(1323.5,249.5,1.0)
(1271.5,249.5,1.0)
(1383.5,313.5,1.0)
(1402.5,249.5,1.0)
(1001.5,792.5,1.0)
(950.5,792.5,1.0)
(1070.5,836.5,1.0)
(1078.5,792.5,1.0)
(771.5,196.5,1.0)
(713.5,196.5,1.0)
(858.5,269.5,1.0)
(858.5,196.5,1.0)
(1081.5,280.5,1.0)
(1033.5,280.5,1.0)
(1143.5,338.5,1.0)
(1153.5,280.5,1.0)
(509.5,618.5,1.0)
(433.5,618.5,1.0)
(635.5,692.5,1.0)
(624.5,618.5,1.0)
(620.5,744.5,1.0)
(582.5,744.5,1.0)
(681.5,778.5,1.0)
(677.5,744.5,1.0)
(1427.5,607.5,1.0)
(1317.5,607.5,1.0)
(1540.5,712.5,1.0)
(1591.5,607.5,1.0)
(1138.5,710.5,1.0)
(1102.5,710.5,1.0)
(1183.5,743.5,1.0)
(1191.5,710.5,1.0)
(790.5,1015.5,1.0)
(743.5,1015.5,1.0)
(859.5,1049.5,1.0)
(859.5,1015.5,1.0)
(548.5,327.5,1.0)
(460.5,327.5,1.0)
(690.5,428.5,1.0)
(680.5,327.5,1.0)
(1134.5,155.5,1.0)
(1075.5,155.5,1.0)
(1208.5,231.5,1.0)
(1222.5,155.5,1.0)
(1100.5,343.5,1.0)
(1055.5,343.5,1.0)
(1159.5,396.5,1.0)
(1168.5,343.5,1.0)
(1349.5,600.5,1.0)
(1260.5,600.5,1.0)
(1446.5,686.5,1.0)
(1482.5,600.5,1.0)
(653.5,788.5,1.0)
(612.5,788.5,1.0)
(718.5,825.5,1.0)
(715.5,788.5,1.0)
(527.5,127.5,1.0)
(421.5,127.5,1.0)
(696.5,260.5,1.0)
(685.5,127.5,1.0)
(1702.5,689.5,1.0)
(1573.5,689.5,1.0)
(1097.5,149.5,1.0)
(1046.5,149.5,1.0)
(1163.5,216.5,1.0)
(1174.5,149.5,1.0)
(681.5,326.5,1.0)
(615.5,326.5,1.0)
(782.5,402.5,1.0)
(779.5,326.5,1.0)
(499.5,144.5,1.0)
(442.5,144.5,1.0)
(595.5,218.5,1.0)
(585.5,144.5,1.0)
(95.5,905.5,1.0)
(47.5,828.5,1.0)
(710.5,960.5,1.0)
(666.5,960.5,1.0)
(778.5,994.5,1.0)
(776.5,960.5,1.0)
(542.5,735.5,1.0)
(455.5,735.5,1.0)
(681.5,812.5,1.0)
(671.5,735.5,1.0)
(771.5,447.5,1.0)
(672.5,447.5,1.0)
(916.5,553.5,1.0)
(920.5,447.5,1.0)
(689.5,420.5,1.0)
(593.5,420.5,1.0)
(833.5,523.5,1.0)
(831.5,420.5,1.0)
(1147.5,423.5,1.0)
(1088.5,423.5,1.0)
(1220.5,488.5,1.0)
(1234.5,423.5,1.0)
(896.5,51.5,1.0)
(1437.5,533.5,1.0)
(1258.5,533.5,1.0)
(1612.5,705.5,1.0)
(1704.5,533.5,1.0)
(860.5,643.5,1.0)
(800.5,643.5,1.0)
(946.5,701.5,1.0)
(950.5,643.5,1.0)
(1289.5,52.5,1.0)
(1229.5,52.5,1.0)
(1359.5,133.5,1.0)
(1379.5,52.5,1.0)
(928.5,694.5,1.0)
(870.5,694.5,1.0)
(1008.5,748.5,1.0)
(1014.5,694.5,1.0)
(1441.5,529.5,1.0)
(1368.5,529.5,1.0)
(1518.5,604.5,1.0)
(1552.5,529.5,1.0)
(697.5,765.5,1.0)
(643.5,765.5,1.0)
(781.5,813.5,1.0)
(778.5,765.5,1.0)
(552.5,666.5,1.0)
(498.5,666.5,1.0)
(641.5,717.5,1.0)
(633.5,666.5,1.0)
(739.5,437.5,1.0)
(676.5,437.5,1.0)
(835.5,507.5,1.0)
(835.5,437.5,1.0)
(829.5,589.5,1.0)
(774.5,589.5,1.0)
(910.5,644.5,1.0)
(912.5,589.5,1.0)
(862.5,960.5,1.0)
(815.5,960.5,1.0)
(929.5,996.5,1.0)
(932.5,960.5,1.0)
(132.5,479.5,1.0)
(34.5,256.5,1.0)
(1227.5,475.5,1.0)
(1166.5,475.5,1.0)
(1301.5,541.5,1.0)
(1320.5,475.5,1.0)
(892.5,431.5,1.0)
(759.5,431.5,1.0)
(1072.5,571.5,1.0)
(1091.5,431.5,1.0)
(275.5,804.5,1.0)
(148.5,804.5,1.0)
(496.5,909.5,1.0)
(465.5,804.5,1.0)
(711.5,653.5,1.0)
(672.5,653.5,1.0)
(772.5,691.5,1.0)
(769.5,653.5,1.0)
(1442.5,837.5,1.0)
(1333.5,837.5,1.0)
(1554.5,925.5,1.0)
(1606.5,837.5,1.0)
(705.5,228.5,1.0)
(653.5,228.5,1.0)
(786.5,293.5,1.0)
(784.5,228.5,1.0)
(935.5,69.5,1.0)
(860.5,69.5,1.0)
(1037.5,168.5,1.0)
(1046.5,69.5,1.0)
(1183.5,880.5,1.0)
(1144.5,880.5,1.0)
(1232.5,913.5,1.0)
(1243.5,880.5,1.0)
(175.5,665.5,1.0)
(24.5,665.5,1.0)
(443.5,800.5,1.0)
(401.5,665.5,1.0)
(442.5,478.5,1.0)
(396.5,478.5,1.0)
(520.5,528.5,1.0)
(510.5,478.5,1.0)
(927.5,447.5,1.0)
(877.5,447.5,1.0)
(998.5,502.5,1.0)
(1003.5,447.5,1.0)
(546.5,582.5,1.0)
(488.5,582.5,1.0)
(641.5,640.5,1.0)
(632.5,582.5,1.0)
(929.5,622.5,1.0)
(880.5,622.5,1.0)
(998.5,671.5,1.0)
(1003.5,622.5,1.0)
(1008.5,694.5,1.0)
(866.5,694.5,1.0)
(1189.5,820.5,1.0)
(1222.5,694.5,1.0)
(769.5,117.5,1.0)
(705.5,117.5,1.0)
(863.5,200.5,1.0)
(864.5,117.5,1.0)
(746.5,857.5,1.0)
(695.5,857.5,1.0)
(822.5,899.5,1.0)
(821.5,857.5,1.0)
(1142.5,294.5,1.0)
(1061.5,294.5,1.0)
(1241.5,389.5,1.0)
(1262.5,294.5,1.0)
(1050.5,796.5,1.0)
(988.5,796.5,1.0)
(1131.5,849.5,1.0)
(1143.5,796.5,1.0)
(1168.5,80.5,1.0)
(287.5,500.5,1.0)
(231.5,500.5,1.0)
(389.5,559.5,1.0)
(371.5,500.5,1.0)
(662.5,140.5,1.0)
(604.5,140.5,1.0)
(754.5,216.5,1.0)
(750.5,140.5,1.0)
(801.5,788.5,1.0)
(753.5,788.5,1.0)
(871.5,830.5,1.0)
(872.5,788.5,1.0)
(922.5,768.5,1.0)
(885.5,768.5,1.0)
(974.5,801.5,1.0)
(977.5,768.5,1.0)
(1114.5,859.5,1.0)
(1055.5,859.5,1.0)
(1189.5,908.5,1.0)
(1202.5,859.5,1.0)
(1690.5,48.5,1.0)
(1593.5,48.5,1.0)
(1003.5,864.5,1.0)
(929.5,864.5,1.0)
(1102.5,925.5,1.0)
(1114.5,864.5,1.0)
(942.5,899.5,1.0)
(901.5,899.5,1.0)
(999.5,932.5,1.0)
(1003.5,899.5,1.0)
(1081.5,97.5,1.0)
(1024.5,97.5,1.0)
(1156.5,173.5,1.0)
(1168.5,97.5,1.0)
(738.5,616.5,1.0)
(688.5,616.5,1.0)
(815.5,666.5,1.0)
(813.5,616.5,1.0)
(1403.5,423.5,1.0)
(1345.5,423.5,1.0)
(1465.5,487.5,1.0)
(1489.5,423.5,1.0)
(1401.5,179.5,1.0)
(1278.5,179.5,1.0)
(1529.5,329.5,1.0)
(1585.5,179.5,1.0)
(555.5,325.5,1.0)
(491.5,325.5,1.0)
(659.5,399.5,1.0)
(650.5,325.5,1.0)
(426.5,205.5,1.0)
(372.5,205.5,1.0)
(520.5,273.5,1.0)
(507.5,205.5,1.0)
(1187.5,315.5,1.0)
(1141.5,315.5,1.0)
(1244.5,370.5,1.0)
(1257.5,315.5,1.0)
(1464.5,427.5,1.0)
(1391.5,427.5,1.0)
(1540.5,508.5,1.0)
(1574.5,427.5,1.0)
(572.5,882.5,1.0)
(514.5,882.5,1.0)
(667.5,929.5,1.0)
(659.5,882.5,1.0)
(959.5,699.5,1.0)
(922.5,699.5,1.0)
(1010.5,734.5,1.0)
(1014.5,699.5,1.0)
(1098.5,434.5,1.0)
(1052.5,434.5,1.0)
(1157.5,485.5,1.0)
(1167.5,434.5,1.0)
(570.5,264.5,1.0)
(520.5,264.5,1.0)
(651.5,324.5,1.0)
(644.5,264.5,1.0)
(644.5,621.5,1.0)
(595.5,621.5,1.0)
(722.5,670.5,1.0)
(717.5,621.5,1.0)
(1403.5,196.5,1.0)
(1344.5,196.5,1.0)
(1466.5,270.5,1.0)
(1491.5,196.5,1.0)
(302.5,795.5,1.0)
(241.5,795.5,1.0)
(413.5,848.5,1.0)
(394.5,795.5,1.0)
(717.5,924.5,1.0)
(675.5,924.5,1.0)
(783.5,957.5,1.0)
(781.5,924.5,1.0)
(388.5,87.5,1.0)
(498.5,1014.5,1.0)
(437.5,1014.5,1.0)
(601.5,1058.5,1.0)
(590.5,1014.5,1.0)
(491.5,1020.5,1.0)
(387.5,1020.5,1.0)
(646.5,1020.5,1.0)
(789.5,635.5,1.0)
(692.5,635.5,1.0)
(929.5,727.5,1.0)
(934.5,635.5,1.0)
(461.5,413.5,1.0)
(373.5,413.5,1.0)
(609.5,510.5,1.0)
(594.5,413.5,1.0)
(1223.5,953.5,1.0)
(1179.5,953.5,1.0)
(1277.5,987.5,1.0)
(1289.5,953.5,1.0)
(362.5,1058.5,1.0)
(312.5,1058.5,1.0)
(438.5,1058.5,1.0)
(718.5,458.5,1.0)
(608.5,458.5,1.0)
(880.5,573.5,1.0)
(882.5,458.5,1.0)
(347.5,528.5,1.0)
(296.5,528.5,1.0)
(437.5,581.5,1.0)
(423.5,528.5,1.0)
(911.5,567.5,1.0)
(842.5,567.5,1.0)
(1007.5,636.5,1.0)
(1015.5,567.5,1.0)
(797.5,207.5,1.0)
(743.5,207.5,1.0)
(878.5,276.5,1.0)
(879.5,207.5,1.0)
(303.5,783.5,1.0)
(239.5,783.5,1.0)
(418.5,839.5,1.0)
(399.5,783.5,1.0)
(1074.5,847.5,1.0)
(1033.5,847.5,1.0)
(1128.5,881.5,1.0)
(1136.5,847.5,1.0)
(1101.5,341.5,1.0)
(1044.5,341.5,1.0)
(1173.5,407.5,1.0)
(1186.5,341.5,1.0)
(757.5,739.5,1.0)
(719.5,739.5,1.0)
(816.5,775.5,1.0)
(815.5,739.5,1.0)
(1099.5,480.5,1.0)
(991.5,480.5,1.0)
(1232.5,592.5,1.0)
(1260.5,480.5,1.0)
(1075.5,925.5,1.0)
(1028.5,925.5,1.0)
(1137.5,962.5,1.0)
(1146.5,925.5,1.0)
(844.5,128.5,1.0)
(787.5,128.5,1.0)
(927.5,202.5,1.0)
(930.5,128.5,1.0)
(1055.5,873.5,1.0)
(1011.5,873.5,1.0)
(1114.5,910.5,1.0)
(1122.5,873.5,1.0)
(848.5,746.5,1.0)
(808.5,746.5,1.0)
(907.5,782.5,1.0)
(908.5,746.5,1.0)
(1044.5,940.5,1.0)
(998.5,940.5,1.0)
(1106.5,976.5,1.0)
(1114.5,940.5,1.0)
(429.5,385.5,1.0)
(380.5,385.5,1.0)
(513.5,441.5,1.0)
(502.5,385.5,1.0)
(1114.5,138.5,1.0)
(1063.5,138.5,1.0)
(1180.5,205.5,1.0)
(1192.5,138.5,1.0)
(470.5,717.5,1.0)
(429.5,717.5,1.0)
(541.5,756.5,1.0)
(532.5,717.5,1.0)
(828.5,720.5,1.0)
(791.5,720.5,1.0)
(883.5,755.5,1.0)
(884.5,720.5,1.0)
(495.5,668.5,1.0)
(445.5,668.5,1.0)
(578.5,716.5,1.0)
(569.5,668.5,1.0)
(1219.5,356.5,1.0)
(1172.5,356.5,1.0)
(1276.5,410.5,1.0)
(1289.5,356.5,1.0)
(142.5,122.5,1.0)
(100.5,4.5,1.0)
(632.5,585.5,1.0)
(559.5,585.5,1.0)
(746.5,658.5,1.0)
(741.5,585.5,1.0)
(1216.5,449.5,1.0)
(1150.5,449.5,1.0)
(1294.5,520.5,1.0)
(1314.5,449.5,1.0)
(142.5,740.5,1.0)
(68.5,740.5,1.0)
(282.5,806.5,1.0)
(253.5,740.5,1.0)
(342.5,895.5,1.0)
(291.5,895.5,1.0)
(433.5,936.5,1.0)
(418.5,895.5,1.0)
(588.5,653.5,1.0)
(546.5,653.5,1.0)
(657.5,694.5,1.0)
(652.5,653.5,1.0)
(450.5,686.5,1.0)
(391.5,686.5,1.0)
(550.5,741.5,1.0)
(538.5,686.5,1.0)
(854.5,329.5,1.0)
(790.5,329.5,1.0)
(946.5,404.5,1.0)
(950.5,329.5,1.0)
(1058.5,1024.5,1.0)
(900.5,1024.5,1.0)
(1296.5,1024.5,1.0)
(1290.5,535.5,1.0)
(1233.5,535.5,1.0)
(1355.5,594.5,1.0)
(1374.5,535.5,1.0)
(1283.5,502.5,1.0)
(1228.5,502.5,1.0)
(1348.5,561.5,1.0)
(1366.5,502.5,1.0)
(714.5,617.5,1.0)
(674.5,617.5,1.0)
(777.5,657.5,1.0)
(775.5,617.5,1.0)
(475.5,948.5,1.0)
(428.5,948.5,1.0)
(555.5,984.5,1.0)
(546.5,948.5,1.0)
(847.5,372.5,1.0)
(798.5,372.5,1.0)
(917.5,428.5,1.0)
(919.5,372.5,1.0)
(1321.5,600.5,1.0)
(1247.5,600.5,1.0)
(1404.5,672.5,1.0)
(1431.5,600.5,1.0)
(1004.5,918.5,1.0)
(956.5,918.5,1.0)
(1069.5,956.5,1.0)
(1076.5,918.5,1.0)
(1236.5,521.5,1.0)
(1191.5,521.5,1.0)
(1290.5,568.5,1.0)
(1303.5,521.5,1.0)
(1396.5,192.5,1.0)
(1303.5,192.5,1.0)
(1494.5,306.5,1.0)
(1535.5,192.5,1.0)
(551.5,818.5,1.0)
(510.5,818.5,1.0)
(619.5,853.5,1.0)
(613.5,818.5,1.0)
(499.5,461.5,1.0)
(446.5,461.5,1.0)
(589.5,519.5,1.0)
(579.5,461.5,1.0)
(974.5,381.5,1.0)
(915.5,381.5,1.0)
(1056.5,449.5,1.0)
(1064.5,381.5,1.0)
(1697.5,370.5,1.0)
(1539.5,370.5,1.0)
(447.5,703.5,1.0)
(375.5,703.5,1.0)
(570.5,770.5,1.0)
(556.5,703.5,1.0)
(891.5,260.5,1.0)
(814.5,260.5,1.0)
(998.5,352.5,1.0)
(1005.5,260.5,1.0)
(1179.5,248.5,1.0)
(1116.5,248.5,1.0)
(1256.5,325.5,1.0)
(1274.5,248.5,1.0)
(691.5,694.5,1.0)
(653.5,694.5,1.0)
(750.5,730.5,1.0)
(748.5,694.5,1.0)
(522.5,979.5,1.0)
(427.5,979.5,1.0)
(676.5,1048.5,1.0)
(664.5,979.5,1.0)
(440.5,620.5,1.0)
(386.5,620.5,1.0)
(533.5,673.5,1.0)
(521.5,620.5,1.0)
(812.5,804.5,1.0)
(754.5,804.5,1.0)
(898.5,854.5,1.0)
(899.5,804.5,1.0)
(428.5,438.5,1.0)
(384.5,438.5,1.0)
(506.5,488.5,1.0)
(495.5,438.5,1.0)
(1081.5,410.5,1.0)
(1012.5,410.5,1.0)
(1169.5,486.5,1.0)
(1183.5,410.5,1.0)
(1029.5,672.5,1.0)
(982.5,672.5,1.0)
(1091.5,717.5,1.0)
(1099.5,672.5,1.0)
(621.5,823.5,1.0)
(582.5,823.5,1.0)
(683.5,856.5,1.0)
(678.5,823.5,1.0)
(1690.5,77.5,1.0)
(1596.5,77.5,1.0)
(892.5,476.5,1.0)
(849.5,476.5,1.0)
(954.5,523.5,1.0)
(957.5,476.5,1.0)
(490.5,741.5,1.0)
(453.5,741.5,1.0)
(553.5,775.5,1.0)
(546.5,741.5,1.0)
(1171.5,706.5,1.0)
(1093.5,706.5,1.0)
(1265.5,776.5,1.0)
(1287.5,706.5,1.0)
(141.5,1000.5,1.0)
(62.5,1000.5,1.0)
(288.5,1056.5,1.0)
(258.5,1000.5,1.0)
(1641.5,522.5,1.0)
(1544.5,522.5,1.0)
(653.5,700.5,1.0)
(611.5,700.5,1.0)
(721.5,740.5,1.0)
(717.5,700.5,1.0)
(898.5,490.5,1.0)
(832.5,490.5,1.0)
(991.5,560.5,1.0)
(997.5,490.5,1.0)
(319.5,838.5,1.0)
(237.5,838.5,1.0)
(465.5,906.5,1.0)
(443.5,838.5,1.0)
(1177.5,878.5,1.0)
(1136.5,878.5,1.0)
(1228.5,911.5,1.0)
(1238.5,878.5,1.0)
(60.5,409.5,1.0)
(1294.5,826.5,1.0)
(1245.5,826.5,1.0)
(1350.5,867.5,1.0)
(1367.5,826.5,1.0)
(479.5,1044.5,1.0)
(431.5,1044.5,1.0)
(551.5,1044.5,1.0)
(812.5,177.5,1.0)
(711.5,177.5,1.0)
(958.5,303.5,1.0)
(965.5,177.5,1.0)
(1095.5,696.5,1.0)
(1057.5,696.5,1.0)
(1145.5,732.5,1.0)
(1153.5,696.5,1.0)
(1059.5,949.5,1.0)
(1016.5,949.5,1.0)
(1116.5,982.5,1.0)
(1124.5,949.5,1.0)
(1155.5,911.5,1.0)
(1108.5,911.5,1.0)
(1214.5,949.5,1.0)
(1226.5,911.5,1.0)
(756.5,512.5,1.0)
(709.5,512.5,1.0)
(827.5,562.5,1.0)
(826.5,512.5,1.0)
(934.5,735.5,1.0)
(884.5,735.5,1.0)
(1004.5,781.5,1.0)
(1009.5,735.5,1.0)
(821.5,763.5,1.0)
(771.5,763.5,1.0)
(893.5,807.5,1.0)
(895.5,763.5,1.0)
(756.5,618.5,1.0)
(717.5,618.5,1.0)
(814.5,656.5,1.0)
(813.5,618.5,1.0)
(1328.5,127.5,1.0)
(1266.5,127.5,1.0)
(1399.5,208.5,1.0)
(1422.5,127.5,1.0)
(1212.5,573.5,1.0)
(1148.5,573.5,1.0)
(1290.5,638.5,1.0)
(1309.5,573.5,1.0)
(718.5,973.5,1.0)
(674.5,973.5,1.0)
(786.5,1007.5,1.0)
(784.5,973.5,1.0)
(1128.5,142.5,1.0)
(1061.5,142.5,1.0)
(1212.5,228.5,1.0)
(1228.5,142.5,1.0)
(688.5,586.5,1.0)
(646.5,586.5,1.0)
(755.5,629.5,1.0)
(752.5,586.5,1.0)
(896.5,510.5,1.0)
(855.5,510.5,1.0)
(955.5,554.5,1.0)
(958.5,510.5,1.0)
(653.5,644.5,1.0)
(613.5,644.5,1.0)
(717.5,683.5,1.0)
(713.5,644.5,1.0)
(855.5,279.5,1.0)
(740.5,279.5,1.0)
(1014.5,412.5,1.0)
(1027.5,279.5,1.0)
(389.5,395.5,1.0)
(332.5,395.5,1.0)
(488.5,459.5,1.0)
(474.5,395.5,1.0)
(827.5,552.5,1.0)
(688.5,552.5,1.0)
(1020.5,688.5,1.0)
(1035.5,552.5,1.0)
(824.5,686.5,1.0)
(786.5,686.5,1.0)
(881.5,723.5,1.0)
(881.5,686.5,1.0)
(1141.5,549.5,1.0)
(1057.5,549.5,1.0)
(1244.5,634.5,1.0)
(1266.5,549.5,1.0)
(1109.5,589.5,1.0)
(1060.5,589.5,1.0)
(1172.5,639.5,1.0)
(1183.5,589.5,1.0)
(356.5,180.5,1.0)
(301.5,180.5,1.0)
(454.5,250.5,1.0)
(439.5,180.5,1.0)
(117.5,329.5,1.0)
(65.5,203.5,1.0)
(1212.5,1053.5,1.0)
(1153.5,1053.5,1.0)
(1301.5,1053.5,1.0)
(1018.5,438.5,1.0)
(975.5,438.5,1.0)
(1077.5,486.5,1.0)
(1083.5,438.5,1.0)
(215.5,689.5,1.0)
(118.5,689.5,1.0)
(392.5,777.5,1.0)
(361.5,689.5,1.0)
(886.5,458.5,1.0)
(841.5,458.5,1.0)
(951.5,508.5,1.0)
(954.5,458.5,1.0)
(954.5,315.5,1.0)
(890.5,315.5,1.0)
(1043.5,391.5,1.0)
(1051.5,315.5,1.0)
(807.5,897.5,1.0)
(484.5,897.5,1.0)
(1293.5,897.5,1.0)
(636.5,184.5,1.0)
(559.5,184.5,1.0)
(758.5,281.5,1.0)
(753.5,184.5,1.0)
(521.5,679.5,1.0)
(479.5,679.5,1.0)
(592.5,719.5,1.0)
(584.5,679.5,1.0)
(470.5,801.5,1.0)
(425.5,801.5,1.0)
(548.5,840.5,1.0)
(538.5,801.5,1.0)
(733.5,563.5,1.0)
(678.5,563.5,1.0)
(815.5,618.5,1.0)
(814.5,563.5,1.0)
(877.5,602.5,1.0)
(825.5,602.5,1.0)
(950.5,653.5,1.0)
(953.5,602.5,1.0)
(705.5,264.5,1.0)
(649.5,264.5,1.0)
(790.5,331.5,1.0)
(787.5,264.5,1.0)
(1319.5,987.5,1.0)
(1257.5,987.5,1.0)
(1389.5,1033.5,1.0)
(1412.5,987.5,1.0)
(1018.5,589.5,1.0)
(971.5,589.5,1.0)
(1082.5,637.5,1.0)
(1089.5,589.5,1.0)
(879.5,320.5,1.0)
(815.5,320.5,1.0)
(971.5,395.5,1.0)
(976.5,320.5,1.0)
(898.5,816.5,1.0)
(853.5,816.5,1.0)
(962.5,855.5,1.0)
(965.5,816.5,1.0)
(1393.5,250.5,1.0)
(1335.5,250.5,1.0)
(1456.5,321.5,1.0)
(1480.5,250.5,1.0)
(866.5,624.5,1.0)
(827.5,624.5,1.0)
(922.5,662.5,1.0)
(924.5,624.5,1.0)
(431.5,488.5,1.0)
(381.5,488.5,1.0)
(516.5,541.5,1.0)
(504.5,488.5,1.0)
(545.5,609.5,1.0)
(504.5,609.5,1.0)
(613.5,650.5,1.0)
(606.5,609.5,1.0)
(1095.5,372.5,1.0)
(1040.5,372.5,1.0)
(1166.5,436.5,1.0)
(1178.5,372.5,1.0)
(326.5,340.5,1.0)
(261.5,340.5,1.0)
(443.5,416.5,1.0)
(425.5,340.5,1.0)
(307.5,805.5,1.0)
(247.5,805.5,1.0)
(415.5,857.5,1.0)
(397.5,805.5,1.0)
(1443.5,650.5,1.0)
(1359.5,650.5,1.0)
(1530.5,729.5,1.0)
(1568.5,650.5,1.0)
(907.5,955.5,1.0)
(860.5,955.5,1.0)
(974.5,992.5,1.0)
(978.5,955.5,1.0)
(420.5,635.5,1.0)
(371.5,635.5,1.0)
(505.5,683.5,1.0)
(493.5,635.5,1.0)
(1110.5,85.5,1.0)
(1057.5,85.5,1.0)
(1179.5,156.5,1.0)
(1191.5,85.5,1.0)
(1100.5,671.5,1.0)
(1063.5,671.5,1.0)
(1148.5,707.5,1.0)
(1156.5,671.5,1.0)
(1190.5,838.5,1.0)
(1148.5,838.5,1.0)
(1241.5,874.5,1.0)
(1252.5,838.5,1.0)
(1217.5,912.5,1.0)
(1164.5,912.5,1.0)
(1281.5,954.5,1.0)
(1296.5,912.5,1.0)
(855.5,666.5,1.0)
(760.5,666.5,1.0)
(990.5,755.5,1.0)
(999.5,666.5,1.0)
(690.5,583.5,1.0)
(627.5,583.5,1.0)
(788.5,646.5,1.0)
(785.5,583.5,1.0)
(1286.5,416.5,1.0)
(1229.5,416.5,1.0)
(1352.5,479.5,1.0)
(1371.5,416.5,1.0)
(449.5,459.5,1.0)
(406.5,459.5,1.0)
(522.5,506.5,1.0)
(513.5,459.5,1.0)
(754.5,358.5,1.0)
(699.5,358.5,1.0)
(836.5,421.5,1.0)
(836.5,358.5,1.0)
(1541.5,903.5,1.0)
(1469.5,903.5,1.0)
(1612.5,960.5,1.0)
(1649.5,903.5,1.0)
(668.5,85.5,1.0)
(1185.5,1006.5,1.0)
(1107.5,1006.5,1.0)
(1303.5,1006.5,1.0)
(393.5,458.5,1.0)
(343.5,458.5,1.0)
(480.5,512.5,1.0)
(467.5,458.5,1.0)
(721.5,16.5,1.0)
(637.5,16.5,1.0)
(848.5,131.5,1.0)
(848.5,16.5,1.0)
(988.5,835.5,1.0)
(915.5,835.5,1.0)
(1086.5,896.5,1.0)
(1097.5,835.5,1.0)
(445.5,577.5,1.0)
(354.5,577.5,1.0)
(597.5,667.5,1.0)
(581.5,577.5,1.0)
(587.5,724.5,1.0)
(544.5,724.5,1.0)
(659.5,765.5,1.0)
(653.5,724.5,1.0)
(1048.5,420.5,1.0)
(1002.5,420.5,1.0)
(1109.5,472.5,1.0)
(1117.5,420.5,1.0)
(275.5,690.5,1.0)
(200.5,690.5,1.0)
(408.5,759.5,1.0)
(386.5,690.5,1.0)
(353.5,53.5,1.0)
(270.5,53.5,1.0)
(497.5,163.5,1.0)
(477.5,53.5,1.0)
(416.5,827.5,1.0)
(372.5,827.5,1.0)
(491.5,863.5,1.0)
(480.5,827.5,1.0)
(790.5,168.5,1.0)
(735.5,168.5,1.0)
(871.5,238.5,1.0)
(872.5,168.5,1.0)
(1560.5,358.5,1.0)
(1472.5,358.5,1.0)
(1644.5,457.5,1.0)
(1691.5,358.5,1.0)
(494.5,534.5,1.0)
(403.5,534.5,1.0)
(642.5,625.5,1.0)
(629.5,534.5,1.0)
(388.5,63.5,1.0)
(1546.5,110.5,1.0)
(938.5,699.5,1.0)
(901.5,699.5,1.0)
(989.5,733.5,1.0)
(992.5,699.5,1.0)
(414.5,5.5,1.0)
(337.5,5.5,1.0)
(545.5,110.5,1.0)
(529.5,5.5,1.0)
(1043.5,2.5,1.0)
(931.5,2.5,1.0)
(1185.5,151.5,1.0)
(1210.5,2.5,1.0)
(791.5,324.5,1.0)
(677.5,324.5,1.0)
(954.5,453.5,1.0)
(962.5,324.5,1.0)
(1273.5,363.5,1.0)
(1224.5,363.5,1.0)
(1332.5,421.5,1.0)
(1348.5,363.5,1.0)
(37.5,905.5,1.0)
(218.5,977.5,1.0)
(177.5,905.5,1.0)
(483.5,506.5,1.0)
(428.5,506.5,1.0)
(576.5,565.5,1.0)
(565.5,506.5,1.0)
(943.5,609.5,1.0)
(897.5,609.5,1.0)
(1007.5,655.5,1.0)
(1012.5,609.5,1.0)
(1097.5,767.5,1.0)
(1049.5,767.5,1.0)
(1158.5,810.5,1.0)
(1168.5,767.5,1.0)
(859.5,986.5,1.0)
(811.5,986.5,1.0)
(928.5,1021.5,1.0)
(930.5,986.5,1.0)
(892.5,736.5,1.0)
(855.5,736.5,1.0)
(946.5,770.5,1.0)
(948.5,736.5,1.0)
(698.5,866.5,1.0)
(657.5,866.5,1.0)
(762.5,900.5,1.0)
(760.5,866.5,1.0)
(1100.5,104.5,1.0)
(431.5,393.5,1.0)
(349.5,393.5,1.0)
(570.5,484.5,1.0)
(554.5,393.5,1.0)
(863.5,661.5,1.0)
(809.5,661.5,1.0)
(940.5,713.5,1.0)
(944.5,661.5,1.0)
(1314.5,198.5,1.0)
(1262.5,198.5,1.0)
(1375.5,265.5,1.0)
(1393.5,198.5,1.0)
(570.5,628.5,1.0)
(528.5,628.5,1.0)
(639.5,669.5,1.0)
(633.5,628.5,1.0)
(670.5,831.5,1.0)
(631.5,831.5,1.0)
(732.5,865.5,1.0)
(728.5,831.5,1.0)
(526.5,47.5,1.0)
(456.5,47.5,1.0)
(641.5,141.5,1.0)
(630.5,47.5,1.0)
(1481.5,966.5,1.0)
(1367.5,966.5,1.0)
(1594.5,1049.5,1.0)
(1652.5,966.5,1.0)
(214.5,285.5,1.0)
(768.5,643.5,1.0)
(748.5,285.5,1.0)
(847.5,671.5,1.0)
(804.5,671.5,1.0)
(910.5,713.5,1.0)
(911.5,671.5,1.0)
(514.5,547.5,1.0)
(240.5,547.5,1.0)
(915.5,795.5,1.0)
(926.5,547.5,1.0)
(855.5,564.5,1.0)
(811.5,564.5,1.0)
(918.5,608.5,1.0)
(920.5,564.5,1.0)
(1101.5,835.5,1.0)
(1043.5,835.5,1.0)
(1176.5,884.5,1.0)
(1188.5,835.5,1.0)
(828.5,960.5,1.0)
(728.5,960.5,1.0)
(970.5,1034.5,1.0)
(977.5,960.5,1.0)
(1078.5,658.5,1.0)
(1024.5,658.5,1.0)
(1149.5,710.5,1.0)
(1160.5,658.5,1.0)
(848.5,988.5,1.0)
(787.5,988.5,1.0)
(936.5,1033.5,1.0)
(940.5,988.5,1.0)
(784.5,24.5,1.0)
(699.5,24.5,1.0)
(908.5,138.5,1.0)
(911.5,24.5,1.0)
(1133.5,952.5,1.0)
(1090.5,952.5,1.0)
(1188.5,986.5,1.0)
(1198.5,952.5,1.0)
(1220.5,512.5,1.0)
(1176.5,512.5,1.0)
(1273.5,558.5,1.0)
(1286.5,512.5,1.0)
(956.5,649.5,1.0)
(906.5,649.5,1.0)
(1026.5,698.5,1.0)
(1032.5,649.5,1.0)
(460.5,489.5,1.0)
(390.5,489.5,1.0)
(577.5,563.5,1.0)
(564.5,489.5,1.0)
(916.5,789.5,1.0)
(877.5,789.5,1.0)
(972.5,824.5,1.0)
(975.5,789.5,1.0)
(736.5,286.5,1.0)
(650.5,286.5,1.0)
(864.5,387.5,1.0)
(864.5,286.5,1.0)
(750.5,869.5,1.0)
(696.5,869.5,1.0)
(832.5,914.5,1.0)
(831.5,869.5,1.0)
(1487.5,379.5,1.0)
(1394.5,379.5,1.0)
(1580.5,483.5,1.0)
(1626.5,379.5,1.0)
(408.5,691.5,1.0)
(361.5,691.5,1.0)
(491.5,736.5,1.0)
(479.5,691.5,1.0)
(1401.5,270.5,1.0)
(1340.5,270.5,1.0)
(1467.5,344.5,1.0)
(1492.5,270.5,1.0)
(872.5,936.5,1.0)
(825.5,936.5,1.0)
(940.5,972.5,1.0)
(943.5,936.5,1.0)
(554.5,101.5,1.0)
(450.5,926.5,1.0)
(407.5,926.5,1.0)
(523.5,959.5,1.0)
(513.5,926.5,1.0)
(1086.5,378.5,1.0)
(1022.5,378.5,1.0)
(1168.5,451.5,1.0)
(1182.5,378.5,1.0)
(511.5,627.5,1.0)
(328.5,627.5,1.0)
(792.5,792.5,1.0)
(784.5,627.5,1.0)
(1014.5,768.5,1.0)
(945.5,768.5,1.0)
(1106.5,829.5,1.0)
(1118.5,768.5,1.0)
(453.5,251.5,1.0)
(383.5,251.5,1.0)
(572.5,336.5,1.0)
(558.5,251.5,1.0)
(830.5,70.5,1.0)
(475.5,94.5,1.0)
(346.5,94.5,1.0)
(684.5,258.5,1.0)
(669.5,94.5,1.0)
(1154.5,1029.5,1.0)
(1107.5,1029.5,1.0)
(1225.5,1029.5,1.0)
(1352.5,854.5,1.0)
(1266.5,854.5,1.0)
(1446.5,924.5,1.0)
(1481.5,854.5,1.0)
(987.5,97.5,1.0)
(912.5,97.5,1.0)
(1088.5,196.5,1.0)
(1100.5,97.5,1.0)
(138.5,148.5,1.0)
(64.5,148.5,1.0)
(280.5,243.5,1.0)
(250.5,148.5,1.0)
(930.5,877.5,1.0)
(889.5,877.5,1.0)
(989.5,911.5,1.0)
(992.5,877.5,1.0)
(593.5,100.5,1.0)
(539.5,100.5,1.0)
(680.5,171.5,1.0)
(673.5,100.5,1.0)
(709.5,385.5,1.0)
(636.5,385.5,1.0)
(822.5,468.5,1.0)
(820.5,385.5,1.0)
(436.5,864.5,1.0)
(338.5,864.5,1.0)
(600.5,942.5,1.0)
(583.5,864.5,1.0)
(1081.5,899.5,1.0)
(1030.5,899.5,1.0)
(1147.5,939.5,1.0)
(1157.5,899.5,1.0)
(981.5,268.5,1.0)
(881.5,268.5,1.0)
(1113.5,386.5,1.0)
(1130.5,268.5,1.0)
(4.5,174.5,1.0)
(220.5,312.5,1.0)
(172.5,174.5,1.0)
(165.5,225.5,1.0)
(65.5,225.5,1.0)
(351.5,346.5,1.0)
(317.5,225.5,1.0)
(497.5,945.5,1.0)
(454.5,945.5,1.0)
(569.5,978.5,1.0)
(561.5,945.5,1.0)
(611.5,656.5,1.0)
(573.5,656.5,1.0)
(674.5,693.5,1.0)
(669.5,656.5,1.0)
(231.5,106.5,1.0)
(111.5,106.5,1.0)
(446.5,259.5,1.0)
(412.5,106.5,1.0)
(697.5,565.5,1.0)
(652.5,565.5,1.0)
(769.5,612.5,1.0)
(766.5,565.5,1.0)
(844.5,457.5,1.0)
(802.5,457.5,1.0)
(906.5,503.5,1.0)
(907.5,457.5,1.0)
(844.5,457.5,1.0)
(802.5,457.5,1.0)
(906.5,503.5,1.0)
(907.5,457.5,1.0)
(844.5,457.5,1.0)
(802.5,457.5,1.0)
(906.5,503.5,1.0)
(907.5,457.5,1.0)
(844.5,457.5,1.0)
(802.5,457.5,1.0)
(906.5,503.5,1.0)
(907.5,457.5,1.0)
(844.5,457.5,1.0)
(802.5,457.5,1.0)
(906.5,503.5,1.0)
(907.5,457.5,1.0)
(844.5,457.5,1.0)
(802.5,457.5,1.0)
(906.5,503.5,1.0)
(907.5,457.5,1.0)
(844.5,457.5,1.0)
(802.5,457.5,1.0)
(906.5,503.5,1.0)
(907.5,457.5,1.0)
(844.5,457.5,1.0)
(802.5,457.5,1.0)
(906.5,503.5,1.0)
(907.5,457.5,1.0)
(844.5,457.5,1.0)
(802.5,457.5,1.0)
(906.5,503.5,1.0)
(907.5,457.5,1.0)
(844.5,457.5,1.0)
(802.5,457.5,1.0)
(906.5,503.5,1.0)
(907.5,457.5,1.0)
(844.5,457.5,1.0)
(802.5,457.5,1.0)
(906.5,503.5,1.0)
(907.5,457.5,1.0)
(844.5,457.5,1.0)
(802.5,457.5,1.0)
(906.5,503.5,1.0)
(907.5,457.5,1.0)
(844.5,457.5,1.0)
(802.5,457.5,1.0)
(906.5,503.5,1.0)
(907.5,457.5,1.0)
(844.5,457.5,1.0)
(802.5,457.5,1.0)
(906.5,503.5,1.0)
(907.5,457.5,1.0)
(835.5,455.5,1.0)
(796.5,470.5,1.0)
(912.5,481.5,1.0)
(894.5,432.5,1.0)
(844.5,457.5,1.0)
(802.5,457.5,1.0)
(906.5,503.5,1.0)
(907.5,457.5,1.0)