
(344.5,817.5,1.0)
(260.5,793.5,1.0)
(428.5,882.5,1.0)
(460.5,850.5,1.0)
(1265.5,550.5,1.0)
(1226.5,524.5,1.0)
(1256.5,624.5,1.0)
(1318.5,587.5,1.0)
(1335.5,212.5,1.0)
(1295.5,172.5,1.0)
(1319.5,322.5,1.0)
(1390.5,267.5,1.0)
(478.5,1023.5,1.0)
(326.5,992.5,1.0)
(987.5,928.5,1.0)
(958.5,918.5,1.0)
(996.5,955.5,1.0)
(1029.5,941.5,1.0)
(1046.5,653.5,1.0)
(1014.5,637.5,1.0)
(1052.5,700.5,1.0)
(1090.5,676.5,1.0)
(616.5,109.5,1.0)
(562.5,72.5,1.0)
(658.5,214.5,1.0)
(692.5,161.5,1.0)
(736.5,1049.5,1.0)
(914.5,361.5,1.0)
(862.5,327.5,1.0)
(935.5,455.5,1.0)
(985.5,408.5,1.0)
(824.5,469.5,1.0)
(783.5,446.5,1.0)
(847.5,535.5,1.0)
(883.5,502.5,1.0)
(1432.5,646.5,1.0)
(1407.5,629.5,1.0)
(1414.5,697.5,1.0)
(1467.5,671.5,1.0)
(1609.5,827.5,1.0)
(1580.5,809.5,1.0)
(1571.5,880.5,1.0)
(1650.5,854.5,1.0)
(825.5,600.5,1.0)
(797.5,587.5,1.0)
(840.5,640.5,1.0)
(864.5,619.5,1.0)
(688.5,873.5,1.0)
(641.5,858.5,1.0)
(721.5,914.5,1.0)
(754.5,893.5,1.0)
(1699.5,556.5,1.0)
(1658.5,738.5,1.0)
(1435.5,1046.5,1.0)
(867.5,719.5,1.0)
(825.5,701.5,1.0)
(887.5,770.5,1.0)
(926.5,744.5,1.0)
(739.5,866.5,1.0)
(700.5,854.5,1.0)
(765.5,902.5,1.0)
(795.5,884.5,1.0)
(709.5,457.5,1.0)
(669.5,436.5,1.0)
(736.5,517.5,1.0)
(765.5,486.5,1.0)
(629.5,553.5,1.0)
(577.5,529.5,1.0)
(669.5,621.5,1.0)
(702.5,587.5,1.0)
(791.5,1000.5,1.0)
(754.5,991.5,1.0)
(814.5,1027.5,1.0)
(845.5,1014.5,1.0)
(753.5,369.5,1.0)
(712.5,345.5,1.0)
(780.5,440.5,1.0)
(812.5,404.5,1.0)
(844.5,847.5,1.0)
(807.5,834.5,1.0)
(864.5,885.5,1.0)
(898.5,866.5,1.0)
(636.5,486.5,1.0)
(584.5,461.5,1.0)
(675.5,559.5,1.0)
(708.5,522.5,1.0)
(1217.5,668.5,1.0)
(1185.5,650.5,1.0)
(1213.5,721.5,1.0)
(1263.5,694.5,1.0)
(989.5,864.5,1.0)
(964.5,855.5,1.0)
(997.5,891.5,1.0)
(1025.5,877.5,1.0)
(651.5,208.5,1.0)
(609.5,181.5,1.0)
(683.5,286.5,1.0)
(711.5,246.5,1.0)
(1050.5,485.5,1.0)
(1016.5,463.5,1.0)
(1057.5,546.5,1.0)
(1098.5,515.5,1.0)
(1312.5,259.5,1.0)
(1280.5,229.5,1.0)
(1301.5,347.5,1.0)
(1358.5,303.5,1.0)
(905.5,1009.5,1.0)
(853.5,996.5,1.0)
(927.5,1047.5,1.0)
(977.5,1028.5,1.0)
(811.5,650.5,1.0)
(739.5,617.5,1.0)
(849.5,737.5,1.0)
(908.5,694.5,1.0)
(1548.5,773.5,1.0)
(1413.5,684.5,1.0)
(1443.5,953.5,1.0)
(1700.5,872.5,1.0)
(952.5,883.5,1.0)
(919.5,872.5,1.0)
(965.5,917.5,1.0)
(1000.5,900.5,1.0)
(1149.5,591.5,1.0)
(1093.5,558.5,1.0)
(1150.5,682.5,1.0)
(1225.5,637.5,1.0)
(534.5,343.5,1.0)
(455.5,300.5,1.0)
(600.5,459.5,1.0)
(642.5,401.5,1.0)
(278.5,913.5,1.0)
(194.5,893.5,1.0)
(367.5,967.5,1.0)
(394.5,940.5,1.0)
(428.5,577.5,1.0)
(365.5,551.5,1.0)
(488.5,649.5,1.0)
(516.5,612.5,1.0)
(1463.5,913.5,1.0)
(1425.5,895.5,1.0)
(1434.5,963.5,1.0)
(1515.5,938.5,1.0)
(1284.5,165.5,1.0)
(1215.5,97.5,1.0)
(1266.5,341.5,1.0)
(1375.5,255.5,1.0)
(819.5,719.5,1.0)
(789.5,706.5,1.0)
(836.5,755.5,1.0)
(862.5,737.5,1.0)
(1632.5,684.5,1.0)
(1598.5,656.5,1.0)
(1585.5,760.5,1.0)
(1679.5,722.5,1.0)
(1078.5,741.5,1.0)
(1014.5,710.5,1.0)
(1088.5,822.5,1.0)
(1166.5,782.5,1.0)
(1357.5,440.5,1.0)
(1334.5,421.5,1.0)
(1346.5,495.5,1.0)
(1390.5,467.5,1.0)
(945.5,690.5,1.0)
(913.5,675.5,1.0)
(957.5,733.5,1.0)
(991.5,711.5,1.0)
(1127.5,184.5,1.0)
(1090.5,151.5,1.0)
(1130.5,276.5,1.0)
(1180.5,229.5,1.0)
(405.5,916.5,1.0)
(278.5,885.5,1.0)
(517.5,995.5,1.0)
(571.5,957.5,1.0)
(1205.5,349.5,1.0)
(1179.5,328.5,1.0)
(1202.5,410.5,1.0)
(1242.5,379.5,1.0)
(863.5,483.5,1.0)
(806.5,451.5,1.0)
(890.5,572.5,1.0)
(942.5,527.5,1.0)
(578.5,468.5,1.0)
(542.5,450.5,1.0)
(609.5,519.5,1.0)
(630.5,493.5,1.0)
(1459.5,810.5,1.0)
(1424.5,791.5,1.0)
(1432.5,866.5,1.0)
(1507.5,838.5,1.0)
(1099.5,1025.5,1.0)
(1038.5,1008.5,1.0)
(1182.5,1049.5,1.0)
(970.5,630.5,1.0)
(948.5,618.5,1.0)
(978.5,663.5,1.0)
(1002.5,646.5,1.0)
(670.5,769.5,1.0)
(634.5,756.5,1.0)
(697.5,807.5,1.0)
(722.5,788.5,1.0)
(1106.5,326.5,1.0)
(1051.5,284.5,1.0)
(1112.5,440.5,1.0)
(1182.5,383.5,1.0)
(1346.5,328.5,1.0)
(1318.5,303.5,1.0)
(1334.5,401.5,1.0)
(1385.5,364.5,1.0)
(1172.5,393.5,1.0)
(1147.5,374.5,1.0)
(1171.5,448.5,1.0)
(1208.5,420.5,1.0)
(1364.5,752.5,1.0)
(1331.5,733.5,1.0)
(1348.5,805.5,1.0)
(1411.5,778.5,1.0)
(615.5,533.5,1.0)
(579.5,516.5,1.0)
(645.5,584.5,1.0)
(668.5,558.5,1.0)
(1322.5,1045.5,1.0)
(1278.5,1031.5,1.0)
(1693.5,848.5,1.0)
(1667.5,830.5,1.0)
(1649.5,898.5,1.0)
(1292.5,245.5,1.0)
(1236.5,193.5,1.0)
(1276.5,385.5,1.0)
(1368.5,316.5,1.0)
(680.5,832.5,1.0)
(602.5,807.5,1.0)
(732.5,900.5,1.0)
(785.5,866.5,1.0)
(1559.5,917.5,1.0)
(1526.5,900.5,1.0)
(1523.5,965.5,1.0)
(1605.5,941.5,1.0)
(1296.5,276.5,1.0)
(1270.5,252.5,1.0)
(1288.5,345.5,1.0)
(1333.5,310.5,1.0)
(618.5,947.5,1.0)
(573.5,936.5,1.0)
(653.5,980.5,1.0)
(681.5,963.5,1.0)
(587.5,1047.5,1.0)
(532.5,1036.5,1.0)
(1050.5,281.5,1.0)
(1007.5,248.5,1.0)
(1059.5,376.5,1.0)
(1112.5,328.5,1.0)
(973.5,80.5,1.0)
(1023.5,19.5,1.0)
(375.5,467.5,1.0)
(268.5,419.5,1.0)
(475.5,592.5,1.0)
(518.5,531.5,1.0)
(613.5,699.5,1.0)
(575.5,685.5,1.0)
(643.5,741.5,1.0)
(666.5,720.5,1.0)
(288.5,804.5,1.0)
(206.5,781.5,1.0)
(373.5,867.5,1.0)
(400.5,835.5,1.0)
(900.5,617.5,1.0)
(841.5,588.5,1.0)
(925.5,698.5,1.0)
(981.5,658.5,1.0)
(1232.5,541.5,1.0)
(1183.5,508.5,1.0)
(1225.5,632.5,1.0)
(1300.5,587.5,1.0)
(1182.5,480.5,1.0)
(1131.5,445.5,1.0)
(1180.5,578.5,1.0)
(1253.5,529.5,1.0)
(1226.5,514.5,1.0)
(1197.5,494.5,1.0)
(1222.5,572.5,1.0)
(1267.5,543.5,1.0)
(1259.5,4.5,1.0)
(1252.5,108.5,1.0)
(1306.5,55.5,1.0)
(1663.5,884.5,1.0)
(1623.5,860.5,1.0)
(1604.5,950.5,1.0)
(977.5,572.5,1.0)
(939.5,551.5,1.0)
(990.5,632.5,1.0)
(1031.5,601.5,1.0)
(1466.5,325.5,1.0)
(1442.5,301.5,1.0)
(1447.5,396.5,1.0)
(1500.5,360.5,1.0)
(982.5,622.5,1.0)
(946.5,603.5,1.0)
(993.5,675.5,1.0)
(1033.5,648.5,1.0)
(1371.5,701.5,1.0)
(1343.5,684.5,1.0)
(1357.5,751.5,1.0)
(1410.5,726.5,1.0)
(770.5,583.5,1.0)
(728.5,563.5,1.0)
(796.5,641.5,1.0)
(829.5,611.5,1.0)
(699.5,444.5,1.0)
(652.5,419.5,1.0)
(731.5,516.5,1.0)
(765.5,479.5,1.0)
(1021.5,387.5,1.0)
(979.5,359.5,1.0)
(1031.5,468.5,1.0)
(1080.5,427.5,1.0)
(771.5,1057.5,1.0)
(952.5,504.5,1.0)
(915.5,483.5,1.0)
(965.5,566.5,1.0)
(1004.5,535.5,1.0)
(749.5,752.5,1.0)
(715.5,739.5,1.0)
(772.5,790.5,1.0)
(798.5,770.5,1.0)
(1303.5,402.5,1.0)
(1202.5,319.5,1.0)
(1276.5,599.5,1.0)
(1429.5,506.5,1.0)
(1257.5,583.5,1.0)
(1228.5,564.5,1.0)
(1251.5,637.5,1.0)
(1298.5,610.5,1.0)
(1426.5,659.5,1.0)
(1377.5,625.5,1.0)
(1396.5,748.5,1.0)
(1493.5,704.5,1.0)
(959.5,707.5,1.0)
(879.5,670.5,1.0)
(984.5,802.5,1.0)
(1065.5,755.5,1.0)
(713.5,438.5,1.0)
(680.5,420.5,1.0)
(737.5,491.5,1.0)
(761.5,464.5,1.0)
(1380.5,919.5,1.0)
(1343.5,903.5,1.0)
(1361.5,964.5,1.0)
(1430.5,942.5,1.0)
(1030.5,141.5,1.0)
(992.5,109.5,1.0)
(1039.5,232.5,1.0)
(1083.5,186.5,1.0)
(1369.5,248.5,1.0)
(1333.5,213.5,1.0)
(1351.5,347.5,1.0)
(1418.5,297.5,1.0)
(947.5,764.5,1.0)
(923.5,754.5,1.0)
(956.5,794.5,1.0)
(981.5,779.5,1.0)
(1097.5,656.5,1.0)
(1013.5,611.5,1.0)
(1106.5,771.5,1.0)
(1207.5,715.5,1.0)
(616.5,168.5,1.0)
(569.5,138.5,1.0)
(653.5,256.5,1.0)
(682.5,211.5,1.0)
(788.5,846.5,1.0)
(747.5,832.5,1.0)
(812.5,886.5,1.0)
(846.5,866.5,1.0)
(1050.5,418.5,1.0)
(1019.5,397.5,1.0)
(1057.5,480.5,1.0)
(1095.5,448.5,1.0)
(766.5,388.5,1.0)
(717.5,360.5,1.0)
(795.5,468.5,1.0)
(834.5,428.5,1.0)
(674.5,206.5,1.0)
(543.5,120.5,1.0)
(756.5,416.5,1.0)
(842.5,315.5,1.0)
(962.5,543.5,1.0)
(930.5,525.5,1.0)
(973.5,595.5,1.0)
(1007.5,568.5,1.0)
(1397.5,836.5,1.0)
(1348.5,811.5,1.0)
(1370.5,905.5,1.0)
(1464.5,871.5,1.0)
(1199.5,146.5,1.0)
(1161.5,110.5,1.0)
(1196.5,248.5,1.0)
(1253.5,196.5,1.0)
(736.5,654.5,1.0)
(697.5,638.5,1.0)
(762.5,703.5,1.0)
(791.5,678.5,1.0)
(1197.5,336.5,1.0)
(1412.5,155.5,1.0)
(1379.5,502.5,1.0)
(1345.5,476.5,1.0)
(1361.5,577.5,1.0)
(1426.5,539.5,1.0)
(1033.5,734.5,1.0)
(998.5,718.5,1.0)
(1041.5,780.5,1.0)
(1082.5,756.5,1.0)
(1405.5,197.5,1.0)
(1378.5,168.5,1.0)
(1388.5,281.5,1.0)
(1444.5,239.5,1.0)
(555.5,157.5,1.0)
(494.5,118.5,1.0)
(606.5,266.5,1.0)
(640.5,211.5,1.0)
(1091.5,75.5,1.0)
(1050.5,37.5,1.0)
(1096.5,181.5,1.0)
(1148.5,127.5,1.0)
(408.5,663.5,1.0)
(265.5,611.5,1.0)
(530.5,791.5,1.0)
(592.5,730.5,1.0)
(787.5,613.5,1.0)
(752.5,596.5,1.0)
(809.5,661.5,1.0)
(838.5,637.5,1.0)
(1223.5,1048.5,1.0)
(1190.5,1038.5,1.0)
(807.5,603.5,1.0)
(780.5,590.5,1.0)
(823.5,641.5,1.0)
(847.5,622.5,1.0)
(1025.5,781.5,1.0)
(993.5,767.5,1.0)
(1033.5,821.5,1.0)
(1071.5,800.5,1.0)
(1706.5,565.5,1.0)
(1682.5,540.5,1.0)
(1663.5,634.5,1.0)
(1046.5,793.5,1.0)
(1006.5,776.5,1.0)
(1054.5,842.5,1.0)
(1102.5,817.5,1.0)
(791.5,716.5,1.0)
(762.5,704.5,1.0)
(809.5,751.5,1.0)
(833.5,733.5,1.0)
(1344.5,258.5,1.0)
(1316.5,231.5,1.0)
(1332.5,336.5,1.0)
(1384.5,296.5,1.0)
(839.5,468.5,1.0)
(802.5,447.5,1.0)
(860.5,530.5,1.0)
(893.5,499.5,1.0)
(289.5,769.5,1.0)
(231.5,752.5,1.0)
(352.5,819.5,1.0)
(371.5,794.5,1.0)
(1337.5,591.5,1.0)
(1312.5,574.5,1.0)
(1326.5,639.5,1.0)
(1371.5,614.5,1.0)
(1649.5,624.5,1.0)
(1616.5,595.5,1.0)
(1601.5,704.5,1.0)
(1694.5,664.5,1.0)
(951.5,204.5,1.0)
(902.5,167.5,1.0)
(968.5,308.5,1.0)
(1018.5,255.5,1.0)
(860.5,64.5,1.0)
(904.5,3.5,1.0)
(1236.5,412.5,1.0)
(1212.5,393.5,1.0)
(1232.5,466.5,1.0)
(1270.5,438.5,1.0)
(1419.5,651.5,1.0)
(1393.5,633.5,1.0)
(1402.5,704.5,1.0)
(1457.5,677.5,1.0)
(650.5,642.5,1.0)
(601.5,621.5,1.0)
(687.5,700.5,1.0)
(720.5,671.5,1.0)
(865.5,566.5,1.0)
(839.5,552.5,1.0)
(879.5,606.5,1.0)
(903.5,585.5,1.0)
(1131.5,459.5,1.0)
(1105.5,441.5,1.0)
(1132.5,511.5,1.0)
(1168.5,485.5,1.0)
(887.5,72.5,1.0)
(845.5,38.5,1.0)
(906.5,169.5,1.0)
(946.5,120.5,1.0)
(1689.5,681.5,1.0)
(1664.5,659.5,1.0)
(1647.5,741.5,1.0)
(756.5,427.5,1.0)
(715.5,404.5,1.0)
(782.5,493.5,1.0)
(814.5,459.5,1.0)
(1439.5,456.5,1.0)
(1416.5,436.5,1.0)
(1423.5,514.5,1.0)
(1472.5,484.5,1.0)
(473.5,474.5,1.0)
(409.5,445.5,1.0)
(531.5,557.5,1.0)
(562.5,515.5,1.0)
(620.5,669.5,1.0)
(584.5,655.5,1.0)
(649.5,711.5,1.0)
(672.5,689.5,1.0)
(555.5,727.5,1.0)
(500.5,708.5,1.0)
(601.5,782.5,1.0)
(631.5,754.5,1.0)
(858.5,839.5,1.0)
(791.5,816.5,1.0)
(890.5,904.5,1.0)
(950.5,872.5,1.0)
(1147.5,657.5,1.0)
(1097.5,630.5,1.0)
(1148.5,733.5,1.0)
(1216.5,695.5,1.0)
(1015.5,356.5,1.0)
(955.5,314.5,1.0)
(1030.5,471.5,1.0)
(1097.5,414.5,1.0)
(966.5,829.5,1.0)
(941.5,819.5,1.0)
(975.5,858.5,1.0)
(1003.5,843.5,1.0)
(298.5,680.5,1.0)
(243.5,661.5,1.0)
(359.5,733.5,1.0)
(377.5,706.5,1.0)
(1249.5,562.5,1.0)
(1196.5,527.5,1.0)
(1239.5,658.5,1.0)
(1320.5,610.5,1.0)
(546.5,190.5,1.0)
(491.5,156.5,1.0)
(593.5,286.5,1.0)
(623.5,238.5,1.0)
(1096.5,567.5,1.0)
(1056.5,544.5,1.0)
(1100.5,633.5,1.0)
(1151.5,600.5,1.0)
(1116.5,188.5,1.0)
(1081.5,158.5,1.0)
(1119.5,275.5,1.0)
(1166.5,231.5,1.0)
(506.5,476.5,1.0)
(440.5,445.5,1.0)
(563.5,561.5,1.0)
(596.5,518.5,1.0)
(903.5,718.5,1.0)
(877.5,706.5,1.0)
(915.5,751.5,1.0)
(941.5,734.5,1.0)
(990.5,919.5,1.0)
(955.5,907.5,1.0)
(1001.5,953.5,1.0)
(1039.5,936.5,1.0)
(1232.5,436.5,1.0)
(1203.5,414.5,1.0)
(1228.5,499.5,1.0)
(1274.5,467.5,1.0)
(523.5,939.5,1.0)
(471.5,926.5,1.0)
(568.5,975.5,1.0)
(595.5,957.5,1.0)
(706.5,526.5,1.0)
(674.5,510.5,1.0)
(729.5,572.5,1.0)
(752.5,549.5,1.0)
(1389.5,674.5,1.0)
(1348.5,647.5,1.0)
(1367.5,747.5,1.0)
(1445.5,711.5,1.0)
(911.5,785.5,1.0)
(881.5,773.5,1.0)
(923.5,819.5,1.0)
(953.5,802.5,1.0)
(1202.5,162.5,1.0)
(1168.5,130.5,1.0)
(1199.5,253.5,1.0)
(1250.5,207.5,1.0)
(901.5,739.5,1.0)
(873.5,727.5,1.0)
(914.5,774.5,1.0)
(941.5,756.5,1.0)
(112.5,951.5,1.0)
(240.5,1012.5,1.0)
(265.5,982.5,1.0)
(408.5,849.5,1.0)
(324.5,826.5,1.0)
(487.5,912.5,1.0)
(523.5,881.5,1.0)
(785.5,571.5,1.0)
(755.5,556.5,1.0)
(804.5,615.5,1.0)
(829.5,592.5,1.0)
(877.5,784.5,1.0)
(847.5,773.5,1.0)
(891.5,818.5,1.0)
(919.5,801.5,1.0)
(685.5,88.5,1.0)
(637.5,53.5,1.0)
(720.5,188.5,1.0)
(754.5,137.5,1.0)
(1311.5,276.5,1.0)
(1285.5,252.5,1.0)
(1302.5,346.5,1.0)
(1347.5,310.5,1.0)
(481.5,389.5,1.0)
(437.5,367.5,1.0)
(522.5,453.5,1.0)
(543.5,421.5,1.0)
(761.5,534.5,1.0)
(731.5,519.5,1.0)
(780.5,578.5,1.0)
(803.5,555.5,1.0)
(606.5,398.5,1.0)
(559.5,373.5,1.0)
(644.5,470.5,1.0)
(673.5,433.5,1.0)
(1236.5,454.5,1.0)
(1213.5,437.5,1.0)
(1232.5,506.5,1.0)
(1270.5,479.5,1.0)
(567.5,966.5,1.0)
(499.5,949.5,1.0)
(622.5,1011.5,1.0)
(660.5,988.5,1.0)
(938.5,493.5,1.0)
(888.5,463.5,1.0)
(957.5,574.5,1.0)
(1008.5,533.5,1.0)
(1280.5,575.5,1.0)
(1250.5,555.5,1.0)
(1272.5,632.5,1.0)
(1322.5,603.5,1.0)
(468.5,409.5,1.0)
(388.5,370.5,1.0)
(539.5,517.5,1.0)
(578.5,463.5,1.0)
(357.5,533.5,1.0)
(300.5,509.5,1.0)
(415.5,599.5,1.0)
(436.5,566.5,1.0)
(635.5,396.5,1.0)
(596.5,374.5,1.0)
(666.5,458.5,1.0)
(692.5,426.5,1.0)
(643.5,437.5,1.0)
(589.5,408.5,1.0)
(684.5,517.5,1.0)
(719.5,476.5,1.0)
(1145.5,358.5,1.0)
(1108.5,329.5,1.0)
(1146.5,439.5,1.0)
(1198.5,398.5,1.0)
(1352.5,1016.5,1.0)
(1300.5,998.5,1.0)
(1423.5,1041.5,1.0)
(1236.5,623.5,1.0)
(1209.5,607.5,1.0)
(1231.5,670.5,1.0)
(1273.5,646.5,1.0)
(1242.5,598.5,1.0)
(1216.5,582.5,1.0)
(1237.5,646.5,1.0)
(1279.5,622.5,1.0)
(833.5,959.5,1.0)
(790.5,947.5,1.0)
(857.5,994.5,1.0)
(895.5,977.5,1.0)
(744.5,415.5,1.0)
(710.5,396.5,1.0)
(767.5,471.5,1.0)
(793.5,442.5,1.0)
(432.5,618.5,1.0)
(384.5,600.5,1.0)
(479.5,672.5,1.0)
(500.5,644.5,1.0)
(1023.5,315.5,1.0)
(991.5,292.5,1.0)
(1031.5,384.5,1.0)
(1069.5,349.5,1.0)
(1296.5,713.5,1.0)
(1265.5,695.5,1.0)
(1287.5,763.5,1.0)
(1339.5,738.5,1.0)
(873.5,764.5,1.0)
(842.5,752.5,1.0)
(888.5,801.5,1.0)
(918.5,782.5,1.0)
(688.5,975.5,1.0)
(648.5,965.5,1.0)
(717.5,1004.5,1.0)
(745.5,989.5,1.0)
(1159.5,563.5,1.0)
(1136.5,548.5,1.0)
(1159.5,606.5,1.0)
(1193.5,584.5,1.0)
(1556.5,553.5,1.0)
(1526.5,527.5,1.0)
(1523.5,626.5,1.0)
(1597.5,589.5,1.0)
(508.5,515.5,1.0)
(467.5,497.5,1.0)
(545.5,569.5,1.0)
(566.5,541.5,1.0)
(751.5,234.5,1.0)
(703.5,203.5,1.0)
(781.5,325.5,1.0)
(818.5,279.5,1.0)
(1164.5,428.5,1.0)
(1131.5,404.5,1.0)
(1164.5,497.5,1.0)
(1211.5,462.5,1.0)
(1695.5,804.5,1.0)
(1668.5,892.5,1.0)
(748.5,510.5,1.0)
(688.5,479.5,1.0)
(785.5,595.5,1.0)
(830.5,552.5,1.0)
(1265.5,375.5,1.0)
(1226.5,343.5,1.0)
(1256.5,465.5,1.0)
(1319.5,420.5,1.0)
(1342.5,426.5,1.0)
(1313.5,402.5,1.0)
(1330.5,494.5,1.0)
(1382.5,459.5,1.0)
(1529.5,436.5,1.0)
(1295.5,210.5,1.0)
(1393.5,805.5,1.0)
(741.5,1050.5,1.0)
(1011.5,1003.5,1.0)
(978.5,994.5,1.0)
(1019.5,1030.5,1.0)
(1057.5,1017.5,1.0)
(667.5,458.5,1.0)
(633.5,441.5,1.0)
(692.5,509.5,1.0)
(715.5,483.5,1.0)
(838.5,800.5,1.0)
(775.5,777.5,1.0)
(870.5,865.5,1.0)
(926.5,833.5,1.0)
(623.5,350.5,1.0)
(571.5,321.5,1.0)
(663.5,433.5,1.0)
(696.5,391.5,1.0)
(862.5,662.5,1.0)
(822.5,644.5,1.0)
(882.5,715.5,1.0)
(919.5,688.5,1.0)
(288.5,874.5,1.0)
(213.5,855.5,1.0)
(367.5,926.5,1.0)
(392.5,900.5,1.0)
(613.5,112.5,1.0)
(566.5,80.5,1.0)
(650.5,203.5,1.0)
(679.5,157.5,1.0)
(448.5,981.5,1.0)
(318.5,952.5,1.0)
(558.5,1052.5,1.0)
(618.5,1018.5,1.0)
(1248.5,517.5,1.0)
(1215.5,494.5,1.0)
(1242.5,584.5,1.0)
(1295.5,550.5,1.0)
(986.5,603.5,1.0)
(957.5,588.5,1.0)
(995.5,648.5,1.0)
(1027.5,625.5,1.0)
(547.5,538.5,1.0)
(510.5,522.5,1.0)
(579.5,586.5,1.0)
(599.5,561.5,1.0)
(1688.5,572.5,1.0)
(1664.5,549.5,1.0)
(1648.5,640.5,1.0)
(969.5,395.5,1.0)
(939.5,376.5,1.0)
(979.5,452.5,1.0)
(1011.5,423.5,1.0)
(444.5,399.5,1.0)
(403.5,379.5,1.0)
(483.5,457.5,1.0)
(501.5,427.5,1.0)
(261.5,789.5,1.0)
(159.5,760.5,1.0)
(366.5,866.5,1.0)
(398.5,828.5,1.0)
(1206.5,746.5,1.0)
(1171.5,728.5,1.0)
(1202.5,798.5,1.0)
(1256.5,772.5,1.0)
(387.5,653.5,1.0)
(304.5,623.5,1.0)
(467.5,735.5,1.0)
(501.5,695.5,1.0)
(1517.5,787.5,1.0)
(1489.5,769.5,1.0)
(1490.5,838.5,1.0)
(1558.5,812.5,1.0)
(672.5,468.5,1.0)
(634.5,448.5,1.0)
(700.5,524.5,1.0)
(725.5,495.5,1.0)
(1106.5,500.5,1.0)
(1068.5,475.5,1.0)
(1110.5,569.5,1.0)
(1160.5,534.5,1.0)
(202.5,968.5,1.0)
(69.5,941.5,1.0)
(340.5,1037.5,1.0)
(378.5,1003.5,1.0)
(660.5,604.5,1.0)
(590.5,573.5,1.0)
(710.5,689.5,1.0)
(757.5,646.5,1.0)
(952.5,764.5,1.0)
(928.5,754.5,1.0)
(961.5,795.5,1.0)
(988.5,779.5,1.0)
(932.5,96.5,1.0)
(821.5,5.5,1.0)
(969.5,321.5,1.0)
(1074.5,213.5,1.0)
(1080.5,779.5,1.0)
(1055.5,768.5,1.0)
(1084.5,812.5,1.0)
(1116.5,795.5,1.0)
(401.5,701.5,1.0)
(352.5,685.5,1.0)
(449.5,749.5,1.0)
(469.5,725.5,1.0)
(1384.5,386.5,1.0)
(1339.5,346.5,1.0)
(1361.5,496.5,1.0)
(1446.5,441.5,1.0)
(966.5,615.5,1.0)
(942.5,602.5,1.0)
(974.5,652.5,1.0)
(1001.5,633.5,1.0)
(862.5,786.5,1.0)
(835.5,775.5,1.0)
(876.5,817.5,1.0)
(902.5,801.5,1.0)
(961.5,795.5,1.0)
(934.5,783.5,1.0)
(971.5,827.5,1.0)
(1001.5,810.5,1.0)
(883.5,380.5,1.0)
(847.5,358.5,1.0)
(899.5,445.5,1.0)
(933.5,412.5,1.0)
(1528.5,425.5,1.0)
(1390.5,291.5,1.0)
(1429.5,700.5,1.0)
(1684.5,577.5,1.0)
(920.5,628.5,1.0)
(888.5,612.5,1.0)
(934.5,675.5,1.0)
(967.5,651.5,1.0)
(827.5,608.5,1.0)
(791.5,590.5,1.0)
(846.5,658.5,1.0)
(878.5,632.5,1.0)
(762.5,426.5,1.0)
(730.5,408.5,1.0)
(782.5,479.5,1.0)
(807.5,452.5,1.0)
(828.5,945.5,1.0)
(789.5,934.5,1.0)
(849.5,978.5,1.0)
(884.5,961.5,1.0)
(1457.5,400.5,1.0)
(1433.5,377.5,1.0)
(1438.5,467.5,1.0)
(1492.5,433.5,1.0)
(1221.5,647.5,1.0)
(1190.5,629.5,1.0)
(1217.5,699.5,1.0)
(1264.5,672.5,1.0)
(614.5,712.5,1.0)
(577.5,698.5,1.0)
(644.5,753.5,1.0)
(667.5,732.5,1.0)
(1385.5,350.5,1.0)
(1356.5,323.5,1.0)
(1369.5,428.5,1.0)
(1427.5,388.5,1.0)
(755.5,387.5,1.0)
(719.5,366.5,1.0)
(778.5,447.5,1.0)
(806.5,417.5,1.0)
(942.5,415.5,1.0)
(913.5,397.5,1.0)
(953.5,469.5,1.0)
(984.5,442.5,1.0)
(675.5,407.5,1.0)
(639.5,387.5,1.0)
(701.5,464.5,1.0)
(726.5,435.5,1.0)
(1408.5,510.5,1.0)
(1362.5,473.5,1.0)
(1381.5,611.5,1.0)
(1471.5,561.5,1.0)
(718.5,124.5,1.0)
(663.5,85.5,1.0)
(754.5,234.5,1.0)
(794.5,179.5,1.0)
(1376.5,723.5,1.0)
(1324.5,691.5,1.0)
(1351.5,808.5,1.0)
(1448.5,766.5,1.0)
(781.5,509.5,1.0)
(751.5,494.5,1.0)
(799.5,555.5,1.0)
(824.5,532.5,1.0)
(1284.5,664.5,1.0)
(1247.5,642.5,1.0)
(1274.5,727.5,1.0)
(1335.5,695.5,1.0)
(1084.5,581.5,1.0)
(1056.5,565.5,1.0)
(1088.5,628.5,1.0)
(1123.5,604.5,1.0)
(865.5,145.5,1.0)
(947.5,37.5,1.0)
(1002.5,913.5,1.0)
(971.5,903.5,1.0)
(1011.5,944.5,1.0)
(1047.5,929.5,1.0)
(1068.5,421.5,1.0)
(1042.5,403.5,1.0)
(1073.5,474.5,1.0)
(1107.5,447.5,1.0)
(765.5,504.5,1.0)
(686.5,462.5,1.0)
(811.5,614.5,1.0)
(872.5,559.5,1.0)
(986.5,387.5,1.0)
(955.5,367.5,1.0)
(996.5,447.5,1.0)
(1030.5,416.5,1.0)
(1210.5,391.5,1.0)
(1175.5,365.5,1.0)
(1206.5,468.5,1.0)
(1259.5,429.5,1.0)
(1171.5,206.5,1.0)
(1123.5,164.5,1.0)
(1170.5,322.5,1.0)
(1236.5,264.5,1.0)
(240.5,1026.5,1.0)
(167.5,1013.5,1.0)
(341.5,1044.5,1.0)
(556.5,383.5,1.0)
(514.5,361.5,1.0)
(592.5,447.5,1.0)
(615.5,415.5,1.0)
(1222.5,1050.5,1.0)
(480.5,483.5,1.0)
(433.5,462.5,1.0)
(523.5,545.5,1.0)
(546.5,514.5,1.0)
(891.5,442.5,1.0)
(852.5,418.5,1.0)
(909.5,510.5,1.0)
(948.5,475.5,1.0)
(952.5,517.5,1.0)
(917.5,497.5,1.0)
(964.5,574.5,1.0)
(1000.5,545.5,1.0)
(1029.5,188.5,1.0)
(990.5,156.5,1.0)
(1038.5,279.5,1.0)
(1084.5,233.5,1.0)
(1092.5,900.5,1.0)
(1062.5,890.5,1.0)
(1096.5,932.5,1.0)
(1134.5,916.5,1.0)
(1021.5,545.5,1.0)
(992.5,528.5,1.0)
(1029.5,594.5,1.0)
(1063.5,569.5,1.0)
(410.5,1015.5,1.0)
(303.5,994.5,1.0)
(554.5,1044.5,1.0)
(1165.5,362.5,1.0)
(1128.5,334.5,1.0)
(1164.5,443.5,1.0)
(1216.5,402.5,1.0)
(823.5,656.5,1.0)
(792.5,641.5,1.0)
(841.5,698.5,1.0)
(869.5,676.5,1.0)
(1409.5,484.5,1.0)
(1386.5,464.5,1.0)
(1394.5,540.5,1.0)
(1442.5,511.5,1.0)
(845.5,480.5,1.0)
(817.5,463.5,1.0)
(861.5,527.5,1.0)
(887.5,503.5,1.0)
(635.5,194.5,1.0)
(586.5,162.5,1.0)
(673.5,285.5,1.0)
(705.5,239.5,1.0)
(603.5,326.5,1.0)
(563.5,304.5,1.0)
(635.5,393.5,1.0)
(660.5,359.5,1.0)
(1207.5,450.5,1.0)
(1178.5,429.5,1.0)
(1204.5,511.5,1.0)
(1248.5,480.5,1.0)
(771.5,89.5,1.0)
(710.5,42.5,1.0)
(807.5,216.5,1.0)
(856.5,152.5,1.0)
(459.5,479.5,1.0)
(396.5,450.5,1.0)
(518.5,560.5,1.0)
(547.5,519.5,1.0)
(1361.5,787.5,1.0)
(1331.5,770.5,1.0)
(1347.5,835.5,1.0)
(1405.5,810.5,1.0)
(789.5,762.5,1.0)
(755.5,749.5,1.0)
(809.5,800.5,1.0)
(836.5,781.5,1.0)
(546.5,325.5,1.0)
(495.5,297.5,1.0)
(589.5,405.5,1.0)
(617.5,365.5,1.0)
(1345.5,244.5,1.0)
(1319.5,219.5,1.0)
(1333.5,318.5,1.0)
(1382.5,280.5,1.0)
(972.5,595.5,1.0)
(949.5,583.5,1.0)
(980.5,632.5,1.0)
(1006.5,613.5,1.0)
(1571.5,1055.5,1.0)
(1539.5,1042.5,1.0)
(1172.5,996.5,1.0)
(1138.5,985.5,1.0)
(1171.5,1027.5,1.0)
(1220.5,1012.5,1.0)
(981.5,745.5,1.0)
(957.5,734.5,1.0)
(989.5,777.5,1.0)
(1016.5,760.5,1.0)
(1027.5,822.5,1.0)
(998.5,811.5,1.0)
(1034.5,856.5,1.0)
(1067.5,838.5,1.0)
(1161.5,691.5,1.0)
(1113.5,666.5,1.0)
(1161.5,762.5,1.0)
(1227.5,727.5,1.0)
(916.5,477.5,1.0)
(871.5,451.5,1.0)
(935.5,551.5,1.0)
(979.5,514.5,1.0)
(1286.5,549.5,1.0)
(1260.5,531.5,1.0)
(1279.5,601.5,1.0)
(1323.5,574.5,1.0)
(603.5,133.5,1.0)
(558.5,104.5,1.0)
(639.5,219.5,1.0)
(666.5,176.5,1.0)
(1010.5,290.5,1.0)
(973.5,262.5,1.0)
(1021.5,370.5,1.0)
(1064.5,329.5,1.0)
(1098.5,1047.5,1.0)
(1036.5,1030.5,1.0)
(1262.5,911.5,1.0)
(1234.5,899.5,1.0)
(1255.5,944.5,1.0)
(1301.5,927.5,1.0)
(1219.5,121.5,1.0)
(1293.5,48.5,1.0)
(1100.5,916.5,1.0)
(1063.5,902.5,1.0)
(1104.5,954.5,1.0)
(1152.5,935.5,1.0)
(620.5,143.5,1.0)
(568.5,109.5,1.0)
(660.5,240.5,1.0)
(692.5,191.5,1.0)
(1341.5,153.5,1.0)
(1297.5,107.5,1.0)
(1323.5,279.5,1.0)
(1401.5,216.5,1.0)
(639.5,1026.5,1.0)
(506.5,998.5,1.0)
(1043.5,770.5,1.0)
(1003.5,752.5,1.0)
(1051.5,820.5,1.0)
(1099.5,794.5,1.0)
(939.5,484.5,1.0)
(875.5,447.5,1.0)
(962.5,585.5,1.0)
(1025.5,535.5,1.0)
(614.5,464.5,1.0)
(573.5,444.5,1.0)
(647.5,523.5,1.0)
(672.5,493.5,1.0)
(632.5,875.5,1.0)
(533.5,846.5,1.0)
(702.5,952.5,1.0)
(765.5,914.5,1.0)
(1110.5,431.5,1.0)
(1083.5,412.5,1.0)
(1113.5,486.5,1.0)
(1149.5,458.5,1.0)
(620.5,430.5,1.0)
(550.5,393.5,1.0)
(673.5,530.5,1.0)
(717.5,480.5,1.0)
(1100.5,116.5,1.0)
(1176.5,34.5,1.0)
(385.5,469.5,1.0)
(337.5,448.5,1.0)
(434.5,531.5,1.0)
(453.5,500.5,1.0)
(1133.5,153.5,1.0)
(1098.5,121.5,1.0)
(1135.5,243.5,1.0)
(1183.5,197.5,1.0)
(1526.5,670.5,1.0)
(1498.5,650.5,1.0)
(1498.5,728.5,1.0)
(1564.5,699.5,1.0)
(987.5,469.5,1.0)
(927.5,432.5,1.0)
(1004.5,570.5,1.0)
(1069.5,519.5,1.0)
(1645.5,444.5,1.0)
(1619.5,416.5,1.0)
(1607.5,524.5,1.0)
(1682.5,483.5,1.0)
(593.5,831.5,1.0)
(545.5,817.5,1.0)
(632.5,874.5,1.0)
(661.5,852.5,1.0)
(846.5,555.5,1.0)
(819.5,542.5,1.0)
(860.5,595.5,1.0)
(884.5,575.5,1.0)
(1124.5,64.5,1.0)
(1586.5,394.5,1.0)
(1549.5,354.5,1.0)
(1542.5,503.5,1.0)
(1637.5,449.5,1.0)
(554.5,1003.5,1.0)
(506.5,992.5,1.0)
(595.5,1033.5,1.0)
(622.5,1018.5,1.0)
(1360.5,516.5,1.0)
(1311.5,478.5,1.0)
(1338.5,617.5,1.0)
(1427.5,567.5,1.0)
(1271.5,488.5,1.0)
(1248.5,470.5,1.0)
(1265.5,539.5,1.0)
(1305.5,513.5,1.0)
(478.5,593.5,1.0)
(384.5,554.5,1.0)
(560.5,695.5,1.0)
(606.5,645.5,1.0)
(612.5,1006.5,1.0)
(561.5,994.5,1.0)
(653.5,1039.5,1.0)
(685.5,1022.5,1.0)
(521.5,963.5,1.0)
(467.5,950.5,1.0)
(569.5,999.5,1.0)
(597.5,981.5,1.0)
(729.5,277.5,1.0)
(680.5,245.5,1.0)
(762.5,366.5,1.0)
(799.5,321.5,1.0)
(956.5,527.5,1.0)
(926.5,509.5,1.0)
(967.5,577.5,1.0)
(999.5,551.5,1.0)
(991.5,690.5,1.0)
(963.5,677.5,1.0)
(1000.5,730.5,1.0)
(1032.5,710.5,1.0)
(235.5,1039.5,1.0)
(153.5,1025.5,1.0)
(347.5,1058.5,1.0)
(743.5,771.5,1.0)
(708.5,758.5,1.0)
(766.5,808.5,1.0)
(793.5,789.5,1.0)
(803.5,570.5,1.0)
(775.5,556.5,1.0)
(819.5,611.5,1.0)
(843.5,590.5,1.0)
(619.5,613.5,1.0)
(583.5,598.5,1.0)
(648.5,658.5,1.0)
(670.5,635.5,1.0)
(1489.5,269.5,1.0)
(1454.5,230.5,1.0)
(1459.5,377.5,1.0)
(1539.5,323.5,1.0)
(960.5,294.5,1.0)
(899.5,252.5,1.0)
(980.5,412.5,1.0)
(1042.5,353.5,1.0)
(1103.5,1006.5,1.0)
(1074.5,997.5,1.0)
(1107.5,1031.5,1.0)
(1145.5,1018.5,1.0)
(933.5,565.5,1.0)
(897.5,545.5,1.0)
(947.5,620.5,1.0)
(984.5,592.5,1.0)
(943.5,911.5,1.0)
(912.5,901.5,1.0)
(955.5,941.5,1.0)
(988.5,926.5,1.0)
(1379.5,405.5,1.0)
(1356.5,385.5,1.0)
(1367.5,463.5,1.0)
(1412.5,434.5,1.0)
(683.5,830.5,1.0)
(594.5,801.5,1.0)
(741.5,906.5,1.0)
(801.5,868.5,1.0)
(630.5,363.5,1.0)
(590.5,341.5,1.0)
(661.5,428.5,1.0)
(687.5,395.5,1.0)
(592.5,567.5,1.0)
(557.5,551.5,1.0)
(621.5,613.5,1.0)
(642.5,589.5,1.0)
(1128.5,111.5,1.0)
(1193.5,43.5,1.0)
(1363.5,988.5,1.0)
(1326.5,974.5,1.0)
(1345.5,1028.5,1.0)
(1414.5,1008.5,1.0)
(842.5,526.5,1.0)
(810.5,510.5,1.0)
(859.5,576.5,1.0)
(888.5,550.5,1.0)
(1667.5,895.5,1.0)
(1605.5,858.5,1.0)
(1582.5,987.5,1.0)
(902.5,448.5,1.0)
(870.5,430.5,1.0)
(916.5,503.5,1.0)
(946.5,475.5,1.0)
(1024.5,761.5,1.0)
(992.5,747.5,1.0)
(1032.5,803.5,1.0)
(1070.5,782.5,1.0)
(659.5,940.5,1.0)
(603.5,925.5,1.0)
(700.5,982.5,1.0)
(738.5,961.5,1.0)
(1049.5,865.5,1.0)
(997.5,846.5,1.0)
(1059.5,920.5,1.0)
(1120.5,893.5,1.0)
(1066.5,634.5,1.0)
(1035.5,617.5,1.0)
(1071.5,682.5,1.0)
(1110.5,657.5,1.0)
(827.5,804.5,1.0)
(787.5,789.5,1.0)
(850.5,847.5,1.0)
(885.5,825.5,1.0)
(1369.5,191.5,1.0)
(1327.5,148.5,1.0)
(1349.5,311.5,1.0)
(1426.5,251.5,1.0)
(908.5,806.5,1.0)
(882.5,796.5,1.0)
(920.5,836.5,1.0)
(946.5,820.5,1.0)
(1150.5,548.5,1.0)
(1126.5,534.5,1.0)
(1150.5,592.5,1.0)
(1183.5,569.5,1.0)
(976.5,576.5,1.0)
(944.5,559.5,1.0)
(987.5,627.5,1.0)
(1022.5,601.5,1.0)
(837.5,325.5,1.0)
(781.5,289.5,1.0)
(866.5,426.5,1.0)
(915.5,375.5,1.0)
(812.5,625.5,1.0)
(783.5,612.5,1.0)
(828.5,665.5,1.0)
(853.5,645.5,1.0)
(1219.5,367.5,1.0)
(1173.5,330.5,1.0)
(1214.5,469.5,1.0)
(1283.5,418.5,1.0)
(760.5,676.5,1.0)
(720.5,659.5,1.0)
(786.5,726.5,1.0)
(817.5,700.5,1.0)
(1511.5,677.5,1.0)
(1481.5,655.5,1.0)
(1483.5,737.5,1.0)
(1552.5,707.5,1.0)
(850.5,933.5,1.0)
(727.5,896.5,1.0)
(904.5,1022.5,1.0)
(1007.5,979.5,1.0)
(487.5,362.5,1.0)
(437.5,336.5,1.0)
(534.5,437.5,1.0)
(559.5,399.5,1.0)
(1416.5,508.5,1.0)
(1392.5,489.5,1.0)
(1400.5,565.5,1.0)
(1450.5,536.5,1.0)
(463.5,390.5,1.0)
(317.5,317.5,1.0)
(580.5,569.5,1.0)
(649.5,483.5,1.0)
(441.5,770.5,1.0)
(376.5,749.5,1.0)
(503.5,828.5,1.0)
(532.5,799.5,1.0)
(771.5,739.5,1.0)
(737.5,726.5,1.0)
(792.5,778.5,1.0)
(820.5,758.5,1.0)
(1209.5,133.5,1.0)
(1294.5,49.5,1.0)
(369.5,571.5,1.0)
(323.5,553.5,1.0)
(417.5,624.5,1.0)
(435.5,597.5,1.0)
(1245.5,483.5,1.0)
(1213.5,460.5,1.0)
(1239.5,549.5,1.0)
(1289.5,516.5,1.0)
(1389.5,786.5,1.0)
(1323.5,749.5,1.0)
(1356.5,880.5,1.0)
(1477.5,834.5,1.0)
(1065.5,726.5,1.0)
(1027.5,708.5,1.0)
(1071.5,777.5,1.0)
(1118.5,751.5,1.0)
(962.5,116.5,1.0)
(907.5,71.5,1.0)
(980.5,240.5,1.0)
(1037.5,178.5,1.0)
(717.5,286.5,1.0)
(541.5,176.5,1.0)
(811.5,534.5,1.0)
(930.5,419.5,1.0)
(1567.5,667.5,1.0)
(1407.5,123.5,1.0)
(1362.5,71.5,1.0)
(1381.5,262.5,1.0)
(1469.5,193.5,1.0)
(1396.5,305.5,1.0)
(1337.5,248.5,1.0)
(1365.5,455.5,1.0)
(1475.5,381.5,1.0)
(913.5,866.5,1.0)
(885.5,856.5,1.0)
(925.5,895.5,1.0)
(954.5,880.5,1.0)
(1260.5,878.5,1.0)
(1226.5,863.5,1.0)
(1252.5,920.5,1.0)
(1308.5,899.5,1.0)
(1383.5,296.5,1.0)
(1348.5,262.5,1.0)
(1364.5,389.5,1.0)
(1431.5,342.5,1.0)
(797.5,698.5,1.0)
(768.5,686.5,1.0)
(815.5,735.5,1.0)
(840.5,716.5,1.0)
(1039.5,72.5,1.0)
(1087.5,14.5,1.0)
(1091.5,380.5,1.0)
(1045.5,347.5,1.0)
(1097.5,471.5,1.0)
(1154.5,425.5,1.0)
(851.5,710.5,1.0)
(783.5,681.5,1.0)
(883.5,788.5,1.0)
(943.5,750.5,1.0)
(944.5,778.5,1.0)
(914.5,765.5,1.0)
(956.5,814.5,1.0)
(987.5,795.5,1.0)
(1403.5,496.5,1.0)
(1363.5,463.5,1.0)
(1380.5,588.5,1.0)
(1460.5,542.5,1.0)
(982.5,26.5,1.0)
(1007.5,232.5,1.0)
(1101.5,131.5,1.0)
(991.5,104.5,1.0)
(913.5,38.5,1.0)
(1012.5,277.5,1.0)
(1095.5,192.5,1.0)
(409.5,606.5,1.0)
(365.5,589.5,1.0)
(454.5,656.5,1.0)
(472.5,631.5,1.0)
(620.5,391.5,1.0)
(584.5,371.5,1.0)
(650.5,448.5,1.0)
(672.5,419.5,1.0)
(1226.5,156.5,1.0)
(1154.5,87.5,1.0)
(1216.5,334.5,1.0)
(1321.5,247.5,1.0)
(801.5,390.5,1.0)
(764.5,367.5,1.0)
(823.5,454.5,1.0)
(854.5,421.5,1.0)
(938.5,354.5,1.0)
(907.5,333.5,1.0)
(950.5,413.5,1.0)
(981.5,383.5,1.0)
(938.5,354.5,1.0)
(907.5,333.5,1.0)
(950.5,413.5,1.0)
(981.5,383.5,1.0)
(938.5,354.5,1.0)
(907.5,333.5,1.0)
(950.5,413.5,1.0)
(981.5,383.5,1.0)
(938.5,354.5,1.0)
(907.5,333.5,1.0)
(950.5,413.5,1.0)
(981.5,383.5,1.0)
(938.5,354.5,1.0)
(907.5,333.5,1.0)
(950.5,413.5,1.0)
(981.5,383.5,1.0)
(938.5,354.5,1.0)
(907.5,333.5,1.0)
(950.5,413.5,1.0)
(981.5,383.5,1.0)
(938.5,354.5,1.0)
(907.5,333.5,1.0)
(950.5,413.5,1.0)
(981.5,383.5,1.0)
(938.5,354.5,1.0)
(907.5,333.5,1.0)
(950.5,413.5,1.0)
(981.5,383.5,1.0)
(938.5,354.5,1.0)
(907.5,333.5,1.0)
(950.5,413.5,1.0)
(981.5,383.5,1.0)
(938.5,354.5,1.0)
(907.5,333.5,1.0)
(950.5,413.5,1.0)
(981.5,383.5,1.0)
(938.5,354.5,1.0)
(907.5,333.5,1.0)
(950.5,413.5,1.0)
(981.5,383.5,1.0)
(938.5,354.5,1.0)
(907.5,333.5,1.0)
(950.5,413.5,1.0)
(981.5,383.5,1.0)
(938.5,354.5,1.0)
(907.5,333.5,1.0)
(950.5,413.5,1.0)
(981.5,383.5,1.0)
(938.5,354.5,1.0)
(907.5,333.5,1.0)
(950.5,413.5,1.0)
(981.5,383.5,1.0)
(929.5,346.5,1.0)
(893.5,339.5,1.0)
(970.5,402.5,1.0)
(983.5,356.5,1.0)
(938.5,354.5,1.0)
(907.5,333.5,1.0)
(950.5,413.5,1.0)
(981.5,383.5,1.0)