
(-3.455096,5.72234,1.043497)
(-3.855096,5.72234,1.043497)
(-2.855096,5.72234,1.543497)
(-2.855096,5.72234,1.043497)
(0.7597321,3.851828,-2.149853)
(0.3597322,3.851828,-2.149853)
(1.359732,3.851828,-1.649853)
(1.359732,3.851828,-2.149853)
(-0.1813718,2.783604,-3.703643)
(-0.5813718,2.783604,-3.703643)
(0.4186282,2.783604,-3.203643)
(0.4186282,2.783604,-3.703643)
(-3.17136,7.172007,-1.180041)
(-3.57136,7.172007,-1.180041)
(2.921508,4.183804,2.879077)
(2.521508,4.183804,2.879077)
(3.521508,4.183804,3.379077)
(3.521508,4.183804,2.879077)
(1.503501,2.817883,0.3598351)
(1.103501,2.817883,0.3598351)
(2.103501,2.817883,0.8598351)
(2.103501,2.817883,0.3598351)
(-3.845652,1.443227,-1.063058)
(-4.245652,1.443227,-1.063058)
(-3.245652,1.443227,-0.5630584)
(-3.245652,1.443227,-1.063058)
(-1.744614,6.773632,-0.1606641)
(-1.732004,3.252454,-1.608231)
(-2.132004,3.252454,-1.608231)
(-1.132004,3.252454,-1.108231)
(-1.132004,3.252454,-1.608231)
(-1.237784,2.405904,0.05709219)
(-1.637784,2.405904,0.05709219)
(-0.6377835,2.405904,0.5570922)
(-0.6377835,2.405904,0.05709219)
(3.860241,3.062421,-1.938419)
(3.460241,3.062421,-1.938419)
(4.460241,3.062421,-1.438419)
(4.460241,3.062421,-1.938419)
(3.078047,5.230239,-2.533072)
(2.678047,5.230239,-2.533072)
(3.678047,5.230239,-2.033072)
(3.678047,5.230239,-2.533072)
(0.75185,0.8384752,2.879275)
(0.35185,0.8384752,2.879275)
(1.35185,0.8384752,3.379275)
(1.35185,0.8384752,2.879275)
(-0.9181129,4.902381,2.185927)
(-1.318113,4.902381,2.185927)
(-0.3181129,4.902381,2.685927)
(-0.3181129,4.902381,2.185927)
(-0.7672553,6.107239,-3.925599)
(0.2327447,6.107239,-3.425599)
(1.228501,6.61953,-1.76189)
(-0.2371541,3.978752,0.8201493)
(-0.6371541,3.978752,0.8201493)
(0.3628459,3.978752,1.320149)
(0.3628459,3.978752,0.8201493)
(-0.07330999,4.355167,2.895561)
(-0.47331,4.355167,2.895561)
(0.52669,4.355167,3.395561)
(0.52669,4.355167,2.895561)
(-1.808938,1.71339,1.062025)
(-2.208938,1.71339,1.062025)
(-1.208938,1.71339,1.562025)
(-1.208938,1.71339,1.062025)
(-2.425749,3.503776,0.7379308)
(-2.825749,3.503776,0.7379308)
(-1.825749,3.503776,1.237931)
(-1.825749,3.503776,0.7379308)
(0.8943595,5.140184,3.429105)
(0.4943595,5.140184,3.429105)
(1.494359,5.140184,3.929105)
(1.494359,5.140184,3.429105)
(-1.977024,1.638847,0.07458067)
(-2.377024,1.638847,0.07458067)
(-1.377024,1.638847,0.5745807)
(-1.377024,1.638847,0.07458067)
(0.5591925,4.268854,2.181693)
(0.1591926,4.268854,2.181693)
(1.159193,4.268854,2.681693)
(1.159193,4.268854,2.181693)
(-2.580256,3.130694,0.4767604)
(-2.980256,3.130694,0.4767604)
(-1.980256,3.130694,0.9767604)
(-1.980256,3.130694,0.4767604)
(1.922614,3.587955,-0.9731374)
(1.522614,3.587955,-0.9731374)
(2.522614,3.587955,-0.4731374)
(2.522614,3.587955,-0.9731374)
(3.736336,3.018466,3.554264)
(3.336336,3.018466,3.554264)
(4.336336,3.018466,4.054264)
(4.336336,3.018466,3.554264)
(-3.20346,0.4226265,-0.03751135)
(-3.60346,0.4226265,-0.03751135)
(-2.60346,0.4226265,0.4624887)
(-2.60346,0.4226265,-0.03751135)
(0.5342625,2.154675,-0.7789073)
(0.1342626,2.154675,-0.7789073)
(1.134263,2.154675,-0.2789073)
(1.134263,2.154675,-0.7789073)
(0.7315902,1.808733,-3.337708)
(0.3315902,1.808733,-3.337708)
(1.33159,1.808733,-2.837708)
(1.33159,1.808733,-3.337708)
(-0.05751428,6.079161,0.7027469)
(-0.4575143,6.079161,0.7027469)
(0.5424857,6.079161,1.202747)
(0.5424857,6.079161,0.7027469)
(-2.068564,5.326083,-1.098451)
(-2.468565,5.326083,-1.098451)
(-1.468565,5.326083,-0.5984511)
(-1.468565,5.326083,-1.098451)
(-2.319702,7.234967,-3.618484)
(-2.719702,7.234967,-3.618484)
(-1.719702,7.234967,-3.118484)
(-1.719702,7.234967,-3.618484)
(1.728725,4.312804,2.085541)
(1.328725,4.312804,2.085541)
(2.328725,4.312804,2.585541)
(2.328725,4.312804,2.085541)
(-0.780574,5.013208,-2.149009)
(-1.180574,5.013208,-2.149009)
(-0.1805739,5.013208,-1.649009)
(-0.1805739,5.013208,-2.149009)
(-3.718576,4.100843,-0.9790769)
(-4.118576,4.100843,-0.9790769)
(-3.118576,4.100843,-0.4790769)
(-3.118576,4.100843,-0.9790769)
(-3.505857,6.021714,1.655721)
(-3.905857,6.021714,1.655721)
(-2.905857,6.021714,2.155721)
(-2.905857,6.021714,1.655721)
(-3.536889,3.985589,1.224281)
(-3.936889,3.985589,1.224281)
(-2.936889,3.985589,1.724281)
(-2.936889,3.985589,1.224281)
(1.871768,5.865338,-1.921897)
(1.471768,5.865338,-1.921897)
(2.471768,5.865338,-1.421897)
(2.471768,5.865338,-1.921897)
(-1.872328,4.666644,-3.802652)
(-2.272328,4.666644,-3.802652)
(-1.272328,4.666644,-3.302652)
(-1.272328,4.666644,-3.802652)
(0.9079745,2.29906,3.149362)
(0.5079745,2.29906,3.149362)
(1.507975,2.29906,3.649362)
(1.507975,2.29906,3.149362)
(1.726797,5.132327,-3.271)
(1.326797,5.132327,-3.271)
(2.326797,5.132327,-2.771)
(2.326797,5.132327,-3.271)
(-1.039696,5.758604,-1.746417)
(-1.439696,5.758604,-1.746417)
(-0.4396958,5.758604,-1.246417)
(-0.4396958,5.758604,-1.746417)
(3.5968,0.8255682,-2.341903)
(3.1968,0.8255682,-2.341903)
(4.1968,0.8255682,-1.841903)
(4.1968,0.8255682,-2.341903)
(1.142835,2.820422,1.350535)
(0.7428349,2.820422,1.350535)
(1.742835,2.820422,1.850535)
(1.742835,2.820422,1.350535)
(-0.5753404,1.378147,-2.8266)
(-0.9753404,1.378147,-2.8266)
(0.02465963,1.378147,-2.3266)
(0.02465963,1.378147,-2.8266)
(-3.339261,6.739403,-0.6230721)
(-3.739261,6.739403,-0.6230721)
(-2.739261,6.739403,-0.1230721)
(-2.739261,6.739403,-0.6230721)
(1.901546,0.2854929,-1.960528)
(1.501546,0.2854929,-1.960528)
(2.501546,0.2854929,-1.460528)
(2.501546,0.2854929,-1.960528)
(-1.811417,4.056314,-1.186314)
(-2.211417,4.056314,-1.186314)
(-1.211417,4.056314,-0.6863141)
(-1.211417,4.056314,-1.186314)
(-2.479528,0.7151499,2.824338)
(-2.879528,0.7151499,2.824338)
(-1.879528,0.7151499,3.324338)
(-1.879528,0.7151499,2.824338)
(2.087164,5.238981,-2.081123)
(1.687164,5.238981,-2.081123)
(2.687164,5.238981,-1.581123)
(2.687164,5.238981,-2.081123)
(-0.2512837,6.59674,-0.9412513)
(-0.6512837,6.59674,-0.9412513)
(0.3487163,6.59674,-0.9412513)
(3.161605,0.1291447,2.870087)
(2.761605,0.1291447,2.870087)
(3.761605,0.1291447,3.370087)
(3.761605,0.1291447,2.870087)
(-0.5596973,3.234973,3.595193)
(-0.9596972,3.234973,3.595193)
(0.04030275,3.234973,4.095193)
(0.04030275,3.234973,3.595193)
(-1.39571,3.915158,-2.706553)
(-1.79571,3.915158,-2.706553)
(-0.7957101,3.915158,-2.206553)
(-0.7957101,3.915158,-2.706553)
(1.904724,1.306925,-3.080529)
(1.504724,1.306925,-3.080529)
(2.504724,1.306925,-2.580529)
(2.504724,1.306925,-3.080529)
(2.165411,0.1634502,-1.377004)
(1.76541,0.1634502,-1.377004)
(2.76541,0.1634502,-0.8770041)
(2.76541,0.1634502,-1.377004)
(2.2351,4.563686,-1.648781)
(1.8351,4.563686,-1.648781)
(2.8351,4.563686,-1.148781)
(2.8351,4.563686,-1.648781)
(-1.965715,1.495283,2.677884)
(-2.365715,1.495283,2.677884)
(-1.365715,1.495283,3.177884)
(-1.365715,1.495283,2.677884)
(1.441328,6.424368,-1.080844)
(1.041328,6.424368,-1.080844)
(3.724335,5.263924,-2.753085)
(3.324335,5.263924,-2.753085)
(4.324335,5.263924,-2.253085)
(-1.243648,4.216931,-3.581802)
(-1.643648,4.216931,-3.581802)
(-0.6436477,4.216931,-3.081802)
(-0.6436477,4.216931,-3.581802)
(-2.198317,5.941714,-0.2430778)
(-2.598317,5.941714,-0.2430778)
(-1.598317,5.941714,0.2569222)
(-1.598317,5.941714,-0.2430778)
(2.630978,5.778353,-2.145113)
(2.230978,5.778353,-2.145113)
(3.230978,5.778353,-1.645113)
(3.230978,5.778353,-2.145113)
(1.890597,0.3226547,-2.989317)
(1.490597,0.3226547,-2.989317)
(2.490597,0.3226547,-2.489317)
(2.490597,0.3226547,-2.989317)
(-0.8568069,5.07322,3.410754)
(-1.256807,5.07322,3.410754)
(-0.2568069,5.07322,3.910754)
(-0.2568069,5.07322,3.410754)
(-1.248102,6.04438,2.707482)
(-1.648102,6.04438,2.707482)
(-1.060691,2.520116,-2.272343)
(-1.460691,2.520116,-2.272343)
(-0.460691,2.520116,-1.772343)
(-0.460691,2.520116,-2.272343)
(-1.889083,1.082388,-2.623719)
(-1.889083,1.082388,-3.123719)
(-4.071861,5.222117,-0.9110103)
(-4.471861,5.222117,-0.9110103)
(-3.471861,5.222117,-0.4110103)
(-3.471861,5.222117,-0.9110103)
(-1.310309,2.740021,3.545477)
(-1.710309,2.740021,3.545477)
(-0.7103086,2.740021,4.045477)
(-0.7103086,2.740021,3.545477)
(-3.700308,5.547662,1.46091)
(-4.100308,5.547662,1.46091)
(-3.100308,5.547662,1.96091)
(-3.100308,5.547662,1.46091)
(-1.452792,4.784129,-1.039673)
(-1.852792,4.784129,-1.039673)
(-0.8527923,4.784129,-0.5396733)
(-0.8527923,4.784129,-1.039673)
(-0.3356992,4.633956,-2.440506)
(-0.7356992,4.633956,-2.440506)
(0.2643008,4.633956,-1.940506)
(0.2643008,4.633956,-2.440506)
(-0.6972276,4.424891,-2.468772)
(-1.097228,4.424891,-2.468772)
(-0.09722757,4.424891,-1.968772)
(-0.09722757,4.424891,-2.468772)
(2.00247,2.185003,-1.482559)
(1.602469,2.185003,-1.482559)
(2.602469,2.185003,-0.9825587)
(2.602469,2.185003,-1.482559)
(-0.288724,0.2847729,-4.168516)
(0.311276,0.2847729,-3.668516)
(0.311276,0.2847729,-4.168516)
(1.30571,6.220935,-2.962836)
(0.9057101,6.220935,-2.962836)
(1.90571,6.220935,-2.462836)
(0.03803435,3.070405,-0.2781138)
(-0.3619657,3.070405,-0.2781138)
(0.6380343,3.070405,0.2218862)
(0.6380343,3.070405,-0.2781138)
(2.907128,1.085623,-3.697281)
(2.507128,1.085623,-3.697281)
(3.507128,1.085623,-3.197281)
(3.507128,1.085623,-3.697281)
(0.5098809,3.054162,0.1770501)
(0.1098809,3.054162,0.1770501)
(1.109881,3.054162,0.6770501)
(1.109881,3.054162,0.1770501)
(3.195756,3.667575,-1.504083)
(2.795756,3.667575,-1.504083)
(3.795756,3.667575,-1.004083)
(3.795756,3.667575,-1.504083)
(-1.162847,2.992201,0.9058617)
(-1.562847,2.992201,0.9058617)
(-0.5628467,2.992201,1.405862)
(-0.5628467,2.992201,0.9058617)
(-2.243659,2.598456,0.2890277)
(-2.64366,2.598456,0.2890277)
(-1.64366,2.598456,0.7890277)
(-1.64366,2.598456,0.2890277)
(-0.7243253,2.701648,-1.613948)
(-1.124325,2.701648,-1.613948)
(-0.1243253,2.701648,-1.113948)
(-0.1243253,2.701648,-1.613948)
(-0.2653098,6.124494,1.885577)
(-0.1821834,2.444143,-0.2927804)
(-0.5821834,2.444143,-0.2927804)
(0.4178166,2.444143,0.2072196)
(0.4178166,2.444143,-0.2927804)
(0.06246272,3.026888,3.138938)
(-0.3375373,3.026888,3.138938)
(0.6624627,3.026888,3.638938)
(0.6624627,3.026888,3.138938)
(-2.242733,6.132264,-3.555002)
(-2.642734,6.132264,-3.555002)
(-1.642734,6.132264,-3.055002)
(-1.642734,6.132264,-3.555002)
(2.417892,2.665894,-1.328492)
(2.017892,2.665894,-1.328492)
(3.017892,2.665894,-0.8284917)
(3.017892,2.665894,-1.328492)
(0.1122245,5.458828,-2.876067)
(-0.2877755,5.458828,-2.876067)
(0.7122245,5.458828,-2.376067)
(0.7122245,5.458828,-2.876067)
(-1.825131,5.928,-1.803895)
(-2.225131,5.928,-1.803895)
(-1.225131,5.928,-1.303895)
(-1.225131,5.928,-1.803895)
(-1.471079,0.4744997,1.808233)
(-1.871079,0.4744997,1.808233)
(-0.871079,0.4744997,2.308233)
(-0.871079,0.4744997,1.808233)
(2.156138,5.646088,-1.339873)
(1.756138,5.646088,-1.339873)
(2.756138,5.646088,-0.8398728)
(2.756138,5.646088,-1.339873)
(-1.140145,0.7781067,-2.491616)
(-1.540145,0.7781067,-2.491616)
(-0.5401454,0.7781067,-1.991616)
(-0.5401454,0.7781067,-2.491616)
(0.4308127,2.487504,-3.678238)
(0.03081274,2.487504,-3.678238)
(1.030813,2.487504,-3.178238)
(1.030813,2.487504,-3.678238)
(3.32181,1.738511,3.708277)
(2.92181,1.738511,3.708277)
(3.92181,1.738511,4.208277)
(3.92181,1.738511,3.708277)
(-1.80103,6.071575,-2.473391)
(-2.20103,6.071575,-2.473391)
(-1.20103,6.071575,-1.973391)
(-1.20103,6.071575,-2.473391)
(-3.622783,0.7946978,-0.3601785)
(-4.022783,0.7946978,-0.3601785)
(-3.022783,0.7946978,0.1398215)
(-3.022783,0.7946978,-0.3601785)
(-0.07962236,4.475361,2.108614)
(-0.4796224,4.475361,2.108614)
(0.5203776,4.475361,2.608614)
(0.5203776,4.475361,2.108614)
(0.5824755,1.331491,-0.9107633)
(0.1824756,1.331491,-0.9107633)
(1.182476,1.331491,-0.4107633)
(1.182476,1.331491,-0.9107633)
(-2.144244,2.6553,-0.4951119)
(-2.544244,2.6553,-0.4951119)
(-1.544244,2.6553,0.00488806)
(-1.544244,2.6553,-0.4951119)
(-3.684714,5.476351,-2.726239)
(-4.084714,5.476351,-2.726239)
(-3.084714,5.476351,-2.226239)
(-3.084714,5.476351,-2.726239)
(0.6077775,1.893354,0.3994565)
(0.2077775,1.893354,0.3994565)
(1.207778,1.893354,0.8994565)
(1.207778,1.893354,0.3994565)
(0.4323415,5.995541,-2.307966)
(0.03234148,5.995541,-2.307966)
(1.032341,5.995541,-1.807966)
(1.032341,5.995541,-2.307966)
(-0.5422775,1.674562,-3.355537)
(-0.9422774,1.674562,-3.355537)
(0.05772257,1.674562,-2.855537)
(0.05772257,1.674562,-3.355537)
(-0.8648177,2.9745,1.91207)
(-1.264818,2.9745,1.91207)
(-0.2648177,2.9745,2.41207)
(-0.2648177,2.9745,1.91207)
(-2.722265,6.27408,-3.555183)
(-2.722265,6.27408,-4.055183)
(1.429601,3.455041,-2.728421)
(1.029601,3.455041,-2.728421)
(2.029601,3.455041,-2.228421)
(2.029601,3.455041,-2.728421)
(1.267297,3.716271,0.4617143)
(0.8672971,3.716271,0.4617143)
(1.867297,3.716271,0.9617143)
(1.867297,3.716271,0.4617143)
(1.612299,0.8025942,-4.007563)
(1.212299,0.8025942,-4.007563)
(2.212299,0.8025942,-3.507563)
(2.212299,0.8025942,-4.007563)
(-4.039831,2.229516,-0.9150939)
(-4.439831,2.229516,-0.9150939)
(-3.439831,2.229516,-0.4150939)
(-3.439831,2.229516,-0.9150939)
(-1.310166,1.244059,-3.172355)
(-1.710166,1.244059,-3.172355)
(-0.7101655,1.244059,-2.672355)
(-0.7101655,1.244059,-3.172355)
(-3.725534,6.338488,-1.418382)
(-4.125534,6.338488,-1.418382)
(-3.125534,6.338488,-0.9183822)
(-3.125534,6.338488,-1.418382)
(-0.4529916,2.39251,1.754083)
(-0.8529916,2.39251,1.754083)
(0.1470084,2.39251,2.254083)
(0.1470084,2.39251,1.754083)
(3.010003,5.815821,0.5523162)
(2.610003,5.815821,0.5523162)
(0.7305182,0.6640606,3.21838)
(0.3305182,0.6640606,3.21838)
(1.330518,0.6640606,3.71838)
(1.330518,0.6640606,3.21838)
(1.763214,3.715982,1.060845)
(1.363214,3.715982,1.060845)
(2.363214,3.715982,1.560845)
(2.363214,3.715982,1.060845)
(3.454116,3.717116,-3.826497)
(3.054116,3.717116,-3.826497)
(4.054116,3.717116,-3.326497)
(0.8008155,4.617224,0.03718424)
(0.4008155,4.617224,0.03718424)
(1.400815,4.617224,0.5371842)
(1.400815,4.617224,0.03718424)
(0.8548354,2.023088,3.634538)
(0.4548354,2.023088,3.634538)
(1.454835,2.023088,4.134538)
(1.454835,2.023088,3.634538)
(1.576304,0.9658518,-3.415471)
(1.176304,0.9658518,-3.415471)
(2.176304,0.9658518,-2.915471)
(2.176304,0.9658518,-3.415471)
(-0.9289542,1.981752,0.2777514)
(-1.328954,1.981752,0.2777514)
(-0.3289542,1.981752,0.7777514)
(-0.3289542,1.981752,0.2777514)
(-3.684827,4.40814,3.440939)
(-4.084827,4.40814,3.440939)
(-3.084827,4.40814,3.940939)
(-3.084827,4.40814,3.440939)
(3.814923,2.096682,-1.444758)
(3.414923,2.096682,-1.444758)
(4.414923,2.096682,-0.9447579)
(4.414923,2.096682,-1.444758)
(1.77831,4.841031,-3.493656)
(1.37831,4.841031,-3.493656)
(2.37831,4.841031,-2.993656)
(2.37831,4.841031,-3.493656)
(-1.883991,2.355627,-2.229433)
(-2.283991,2.355627,-2.229433)
(-1.283991,2.355627,-1.729433)
(-1.283991,2.355627,-2.229433)
(-2.566841,0.9204168,-2.181293)
(-2.566841,0.9204168,-2.681293)
(2.871156,0.2074785,-1.641373)
(2.471156,0.2074785,-1.641373)
(3.471156,0.2074785,-1.141373)
(3.471156,0.2074785,-1.641373)
(3.323481,3.386362,-1.979412)
(2.923481,3.386362,-1.979412)
(3.923481,3.386362,-1.479412)
(3.923481,3.386362,-1.979412)
(-1.939241,3.747717,1.25254)
(-2.339241,3.747717,1.25254)
(-1.339241,3.747717,1.75254)
(-1.339241,3.747717,1.25254)
(1.130735,0.3031778,2.563544)
(0.7307347,0.3031778,2.563544)
(1.730735,0.3031778,3.063544)
(1.730735,0.3031778,2.563544)
(2.11986,0.6510687,-0.7213483)
(1.71986,0.6510687,-0.7213483)
(2.71986,0.6510687,-0.2213483)
(2.71986,0.6510687,-0.7213483)
(-2.293368,0.52631,-2.157327)
(-2.693368,0.52631,-2.157327)
(-1.693368,0.52631,-1.657327)
(-1.693368,0.52631,-2.157327)
(3.733866,4.261981,-3.301953)
(3.333866,4.261981,-3.301953)
(4.333866,4.261981,-2.801953)
(-1.719529,1.881156,0.3995147)
(-2.119529,1.881156,0.3995147)
(-1.119529,1.881156,0.8995147)
(-1.119529,1.881156,0.3995147)
(3.746809,1.429414,-2.834791)
(3.346809,1.429414,-2.834791)
(4.346809,1.429414,-2.334791)
(4.346809,1.429414,-2.834791)
(-3.602485,3.676718,0.4983077)
(-4.002485,3.676718,0.4983077)
(-3.002485,3.676718,0.9983077)
(-3.002485,3.676718,0.4983077)
(-1.294464,2.353695,3.562175)
(-1.694464,2.353695,3.562175)
(-0.6944642,2.353695,4.062175)
(-0.6944642,2.353695,3.562175)
(-2.325761,4.387022,1.742134)
(-2.725761,4.387022,1.742134)
(-1.725761,4.387022,2.242134)
(-1.725761,4.387022,1.742134)
(-1.402661,5.878195,-0.5917993)
(-1.802661,5.878195,-0.5917993)
(-0.8026614,5.878195,-0.09179926)
(-0.8026614,5.878195,-0.5917993)
(-0.2692681,4.930688,-1.724343)
(-0.6692681,4.930688,-1.724343)
(0.3307319,4.930688,-1.224343)
(0.3307319,4.930688,-1.724343)
(-1.773502,4.145733,-2.384727)
(-2.173502,4.145733,-2.384727)
(-1.173502,4.145733,-1.884727)
(-1.173502,4.145733,-2.384727)
(3.328608,2.729781,3.464986)
(2.928608,2.729781,3.464986)
(3.928608,2.729781,3.964986)
(3.928608,2.729781,3.464986)
(-3.910717,3.780859,3.282106)
(-4.310718,3.780859,3.282106)
(-3.310718,3.780859,3.782106)
(-3.310718,3.780859,3.282106)
(-0.500394,4.9579,-2.545102)
(-0.900394,4.9579,-2.545102)
(0.09960604,4.9579,-2.045102)
(0.09960604,4.9579,-2.545102)
(-3.994458,1.735856,-0.3982615)
(-4.394458,1.735856,-0.3982615)
(-3.394458,1.735856,0.1017385)
(-3.394458,1.735856,-0.3982615)
(0.3267774,3.50743,-1.158538)
(-0.07322264,3.50743,-1.158538)
(0.9267774,3.50743,-0.6585383)
(0.9267774,3.50743,-1.158538)
(-0.4175359,0.988245,-2.679963)
(-0.8175359,0.988245,-2.679963)
(0.1824641,0.988245,-2.179963)
(0.1824641,0.988245,-2.679963)
(-3.451437,3.816232,0.2473569)
(-3.851438,3.816232,0.2473569)
(-2.851438,3.816232,0.7473569)
(-2.851438,3.816232,0.2473569)
(2.144945,1.78602,3.161454)
(1.744945,1.78602,3.161454)
(2.744945,1.78602,3.661454)
(2.744945,1.78602,3.161454)
(1.742652,4.774595,1.666499)
(1.342652,4.774595,1.666499)
(2.342652,4.774595,2.166499)
(2.342652,4.774595,1.666499)
(1.738611,1.719151,-1.911238)
(1.338611,1.719151,-1.911238)
(2.338612,1.719151,-1.411238)
(2.338612,1.719151,-1.911238)
(-1.705468,5.25529,3.239019)
(-2.105468,5.25529,3.239019)
(-1.105468,5.25529,3.739019)
(-1.105468,5.25529,3.239019)
(-1.010761,0.8190193,2.668623)
(-1.410761,0.8190193,2.668623)
(-0.4107614,0.8190193,3.168623)
(-0.4107614,0.8190193,2.668623)
(0.9097445,4.946446,-2.448452)
(0.5097445,4.946446,-2.448452)
(1.509745,4.946446,-1.948452)
(1.509745,4.946446,-2.448452)
(1.860991,2.962354,2.757736)
(1.460991,2.962354,2.757736)
(2.460991,2.962354,3.257736)
(2.460991,2.962354,2.757736)
(-0.07044229,1.029588,-3.221887)
(-0.4704423,1.029588,-3.221887)
(0.5295577,1.029588,-2.721887)
(0.5295577,1.029588,-3.221887)
(1.813722,2.373145,2.831808)
(1.413722,2.373145,2.831808)
(2.413722,2.373145,3.331808)
(2.413722,2.373145,2.831808)
(-4.092569,6.525059,1.049704)
(-3.492569,6.525059,1.549704)
(-3.492569,6.525059,1.049704)
(-3.148179,5.89522,0.8121346)
(-3.548179,5.89522,0.8121346)
(-2.548179,5.89522,1.312135)
(-2.548179,5.89522,0.8121346)
(-0.06313428,1.10709,2.483744)
(-0.4631343,1.10709,2.483744)
(0.5368657,1.10709,2.983744)
(0.5368657,1.10709,2.483744)
(1.648304,2.881354,3.073081)
(1.248304,2.881354,3.073081)
(2.248304,2.881354,3.573081)
(2.248304,2.881354,3.073081)
(-3.491987,0.8782787,-1.257329)
(-3.891987,0.8782787,-1.257329)
(-2.891987,0.8782787,-0.7573295)
(-2.891987,0.8782787,-1.257329)
(2.018014,0.3065481,-3.06667)
(1.618014,0.3065481,-3.06667)
(2.618014,0.3065481,-2.56667)
(2.618014,0.3065481,-3.06667)
(-3.700917,1.242236,1.989997)
(-4.100917,1.242236,1.989997)
(-3.100917,1.242236,2.489997)
(-3.100917,1.242236,1.989997)
(-0.2808162,0.4557638,2.734303)
(-0.6808162,0.4557638,2.734303)
(0.3191838,0.4557638,3.234303)
(0.3191838,0.4557638,2.734303)
(-2.912218,2.123724,0.6916499)
(-3.312218,2.123724,0.6916499)
(-2.312218,2.123724,1.19165)
(-2.312218,2.123724,0.6916499)
(3.098935,0.4950762,-1.376176)
(2.698935,0.4950762,-1.376176)
(3.698935,0.4950762,-0.8761764)
(3.698935,0.4950762,-1.376176)
(-2.026276,6.063627,1.326251)
(-2.426276,6.063627,1.326251)
(-1.426276,6.063627,1.826251)
(-1.426276,6.063627,1.326251)
(-1.227465,3.77009,-1.202476)
(-1.627465,3.77009,-1.202476)
(-0.6274648,3.77009,-0.702476)
(-0.6274648,3.77009,-1.202476)
(2.210764,2.888552,-1.617978)
(1.810764,2.888552,-1.617978)
(2.810764,2.888552,-1.117978)
(2.810764,2.888552,-1.617978)
(-3.840422,4.279693,-0.5431619)
(-4.240422,4.279693,-0.5431619)
(-3.240422,4.279693,-0.04316187)
(-3.240422,4.279693,-0.5431619)
(-4.034614,3.174791,2.11122)
(-4.434614,3.174791,2.11122)
(-3.434614,3.174791,2.61122)
(-3.434614,3.174791,2.11122)
(-2.513972,1.07379,1.348026)
(-2.913972,1.07379,1.348026)
(-1.913972,1.07379,1.848026)
(-1.913972,1.07379,1.348026)
(-2.750356,3.125117,0.04109049)
(-3.150356,3.125117,0.04109049)
(-2.150356,3.125117,0.5410905)
(-2.150356,3.125117,0.04109049)
(-0.00372705,2.404517,-2.21402)
(-0.4037271,2.404517,-2.21402)
(0.5962729,2.404517,-1.71402)
(0.5962729,2.404517,-2.21402)
(0.5140542,6.617512,-1.762125)
(0.1140542,6.617512,-1.762125)
(1.114054,6.617512,-1.762125)
(3.083333,2.385484,-0.7115912)
(2.683333,2.385484,-0.7115912)
(3.683333,2.385484,-0.2115912)
(3.683333,2.385484,-0.7115912)
(3.094232,2.163127,-0.8565869)
(2.694232,2.163127,-0.8565869)
(3.694232,2.163127,-0.3565869)
(3.694232,2.163127,-0.8565869)
(0.2199515,5.387699,1.853685)
(-0.1800485,5.387699,1.853685)
(0.8199515,5.387699,2.353685)
(0.8199515,5.387699,1.853685)
(-1.392722,0.5208769,1.319591)
(-1.792722,0.5208769,1.319591)
(-0.7927222,0.5208769,1.819591)
(-0.7927222,0.5208769,1.319591)
(-3.218097,3.024814,2.97113)
(-3.618097,3.024814,2.97113)
(-2.618097,3.024814,3.47113)
(-2.618097,3.024814,2.97113)
(-0.06340513,0.753993,-1.325037)
(-0.4634051,0.753993,-1.325037)
(0.5365949,0.753993,-0.8250375)
(0.5365949,0.753993,-1.325037)
(2.533165,3.869686,-1.172737)
(2.133164,3.869686,-1.172737)
(3.133164,3.869686,-0.6727366)
(3.133164,3.869686,-1.172737)
(1.249053,2.98975,2.62851)
(0.8490533,2.98975,2.62851)
(1.849053,2.98975,3.12851)
(1.849053,2.98975,2.62851)
(-0.02440652,5.031864,3.718094)
(-0.4244065,5.031864,3.718094)
(0.5755935,5.031864,4.218094)
(0.5755935,5.031864,3.718094)
(3.405447,0.8606052,0.03227758)
(3.005446,0.8606052,0.03227758)
(4.005446,0.8606052,0.5322776)
(4.005446,0.8606052,0.03227758)
(2.34333,3.827762,-3.277439)
(1.94333,3.827762,-3.277439)
(2.94333,3.827762,-2.777439)
(2.94333,3.827762,-3.277439)
(-2.954504,1.661729,2.902314)
(-3.354505,1.661729,2.902314)
(-2.354505,1.661729,3.402314)
(-2.354505,1.661729,2.902314)
(-2.668457,1.763633,-0.9948916)
(-3.068457,1.763633,-0.9948916)
(-2.068457,1.763633,-0.4948916)
(-2.068457,1.763633,-0.9948916)
(0.8024682,2.184862,-1.789312)
(0.4024682,2.184862,-1.789312)
(1.402468,2.184862,-1.289312)
(1.402468,2.184862,-1.789312)
(1.72986,5.787469,-3.188164)
(2.72986,5.787469,-2.688164)
(-2.245697,4.0944,-0.6375651)
(-2.645698,4.0944,-0.6375651)
(-1.645698,4.0944,-0.1375651)
(-1.645698,4.0944,-0.6375651)
(0.1889533,3.135949,-2.820639)
(-0.2110467,3.135949,-2.820639)
(0.7889533,3.135949,-2.320639)
(0.7889533,3.135949,-2.820639)
(2.063143,2.05224,-2.632345)
(1.663143,2.05224,-2.632345)
(2.663143,2.05224,-2.132345)
(2.663143,2.05224,-2.632345)
(-3.093948,7.271211,-3.939585)
(-3.493948,7.271211,-3.939585)
(-2.493948,7.271211,-3.439585)
(-0.6685233,6.209802,1.609808)
(2.505462,5.153738,2.269344)
(2.105462,5.153738,2.269344)
(3.105462,5.153738,2.769344)
(3.105462,5.153738,2.269344)
(-1.725186,0.4764032,2.351569)
(-2.125185,0.4764032,2.351569)
(-1.125185,0.4764032,2.851569)
(-1.125185,0.4764032,2.351569)
(-1.401834,5.59179,-0.418797)
(-1.801834,5.59179,-0.418797)
(-0.8018336,5.59179,0.08120298)
(-0.8018336,5.59179,-0.418797)
(-3.06998,2.445498,-0.02104712)
(-3.46998,2.445498,-0.02104712)
(-2.46998,2.445498,0.4789529)
(-2.46998,2.445498,-0.02104712)
(-0.2891818,3.462296,0.8081244)
(-0.6891818,3.462296,0.8081244)
(0.3108182,3.462296,1.308124)
(0.3108182,3.462296,0.8081244)
(-3.499753,5.62445,2.163749)
(-3.899753,5.62445,2.163749)
(-2.899753,5.62445,2.663749)
(-2.899753,5.62445,2.163749)
(-3.833726,0.4334412,-0.5778003)
(-4.233727,0.4334412,-0.5778003)
(-3.233727,0.4334412,-0.07780027)
(-3.233727,0.4334412,-0.5778003)
(-3.164976,6.936418,-0.7244821)
(-3.564976,6.936418,-0.7244821)
(-2.564976,6.936418,-0.2244821)
(-2.564976,6.936418,-0.7244821)
(1.321693,3.001866,-1.919314)
(0.9216927,3.001866,-1.919314)
(1.921693,3.001866,-1.419314)
(1.921693,3.001866,-1.919314)
(1.498542,1.778816,1.010881)
(1.098542,1.778816,1.010881)
(2.098542,1.778816,1.510881)
(2.098542,1.778816,1.010881)
(-2.433094,1.247132,3.431972)
(-2.833094,1.247132,3.431972)
(-1.833094,1.247132,3.931972)
(-1.833094,1.247132,3.431972)
(3.554423,3.653367,-3.715884)
(3.154423,3.653367,-3.715884)
(4.154423,3.653367,-3.215884)
(0.3468503,0.397047,-0.186873)
(-0.0531497,0.397047,-0.186873)
(0.9468503,0.397047,0.313127)
(0.9468503,0.397047,-0.186873)
(-3.920198,0.5814104,2.914313)
(-4.320198,0.5814104,2.914313)
(-3.320198,0.5814104,3.414313)
(-3.320198,0.5814104,2.914313)
(-3.877412,5.940895,0.5165429)
(-4.277412,5.940895,0.5165429)
(-3.277412,5.940895,1.016543)
(-3.277412,5.940895,0.5165429)
(1.633188,4.345529,-0.839397)
(1.233188,4.345529,-0.839397)
(2.233188,4.345529,-0.339397)
(2.233188,4.345529,-0.839397)
(-3.638027,5.145224,0.416656)
(-4.038027,5.145224,0.416656)
(-3.038027,5.145224,0.916656)
(-3.038027,5.145224,0.416656)
(3.224432,4.724424,-2.145252)
(2.824431,4.724424,-2.145252)
(3.824431,4.724424,-1.645252)
(3.824431,4.724424,-2.145252)
(-1.888572,1.332351,1.704644)
(-2.288572,1.332351,1.704644)
(-1.288572,1.332351,2.204644)
(-1.288572,1.332351,1.704644)
(0.2626304,3.068842,-1.427873)
(-0.1373696,3.068842,-1.427873)
(0.8626304,3.068842,-0.9278731)
(0.8626304,3.068842,-1.427873)
(-3.798652,6.81568,0.04523897)
(-4.198652,6.81568,0.04523897)
(-3.198652,6.81568,0.545239)
(-3.198652,6.81568,0.04523897)
(-2.600738,4.883987,-0.4669328)
(-3.000738,4.883987,-0.4669328)
(-2.000738,4.883987,0.03306723)
(-2.000738,4.883987,-0.4669328)
(3.140972,1.942409,3.418607)
(2.740972,1.942409,3.418607)
(3.740972,1.942409,3.918607)
(3.740972,1.942409,3.418607)
(-3.209992,5.190078,-3.333691)
(-3.609992,5.190078,-3.333691)
(-2.609992,5.190078,-2.833691)
(-2.609992,5.190078,-3.333691)
(3.598052,2.69823,1.863928)
(3.198051,2.69823,1.863928)
(4.198051,2.69823,2.363928)
(4.198051,2.69823,1.863928)
(-3.130377,3.509782,3.555665)
(-3.530377,3.509782,3.555665)
(-2.530377,3.509782,4.055665)
(-2.530377,3.509782,3.555665)
(-0.1652852,4.180679,-3.396728)
(-0.5652852,4.180679,-3.396728)
(0.4347148,4.180679,-2.896728)
(0.4347148,4.180679,-3.396728)
(2.507517,0.5840902,2.283841)
(2.107517,0.5840902,2.283841)
(3.107517,0.5840902,2.783841)
(3.107517,0.5840902,2.283841)
(1.909531,2.540559,3.672865)
(1.509531,2.540559,3.672865)
(2.509531,2.540559,4.172865)
(2.509531,2.540559,3.672865)
(2.550744,2.86869,2.70473)
(2.150743,2.86869,2.70473)
(3.150743,2.86869,3.20473)
(3.150743,2.86869,2.70473)
(-0.8365566,1.180741,-0.2373376)
(-1.236557,1.180741,-0.2373376)
(-0.2365565,1.180741,0.2626624)
(-0.2365565,1.180741,-0.2373376)
(-2.591053,6.848959,-3.914366)
(-2.991053,6.848959,-3.914366)
(-1.991053,6.848959,-3.414366)
(-1.991053,6.848959,-3.914366)
(0.6397189,2.464965,1.096257)
(0.2397189,2.464965,1.096257)
(1.239719,2.464965,1.596257)
(1.239719,2.464965,1.096257)
(-0.2739144,2.503307,1.355377)
(-0.6739144,2.503307,1.355377)
(0.3260856,2.503307,1.855377)
(0.3260856,2.503307,1.355377)
(-1.032208,0.1601925,1.594711)
(-1.432208,0.1601925,1.594711)
(-0.4322076,0.1601925,2.094711)
(-0.4322076,0.1601925,1.594711)
(0.6147937,5.001607,2.483564)
(0.2147937,5.001607,2.483564)
(1.214794,5.001607,2.983564)
(1.214794,5.001607,2.483564)
(3.027583,1.631887,-3.295005)
(2.627583,1.631887,-3.295005)
(3.627583,1.631887,-2.795005)
(3.627583,1.631887,-3.295005)
(2.220258,3.200528,-0.9140401)
(1.820258,3.200528,-0.9140401)
(2.820258,3.200528,-0.4140401)
(2.820258,3.200528,-0.9140401)
(-1.236032,2.81155,3.635545)
(-1.636032,2.81155,3.635545)
(-0.6360316,2.81155,4.135545)
(-0.6360316,2.81155,3.635545)
(1.639921,2.073602,-3.25807)
(1.239921,2.073602,-3.25807)
(2.239922,2.073602,-2.75807)
(2.239922,2.073602,-3.25807)
(-1.570361,0.7462072,0.8091048)
(-1.970361,0.7462072,0.8091048)
(-0.9703612,0.7462072,1.309105)
(-0.9703612,0.7462072,0.8091048)
(0.4032086,0.2150784,0.274776)
(0.00320864,0.2150784,0.274776)
(1.003209,0.2150784,0.774776)
(1.003209,0.2150784,0.274776)
(-2.023754,0.5743322,1.617804)
(-2.423754,0.5743322,1.617804)
(-1.423754,0.5743322,2.117805)
(-1.423754,0.5743322,1.617804)
(0.00230685,4.785338,-3.155763)
(-0.3976932,4.785338,-3.155763)
(0.6023068,4.785338,-2.655763)
(0.6023068,4.785338,-3.155763)
(-3.284343,1.912803,-1.585711)
(-3.684343,1.912803,-1.585711)
(-2.684343,1.912803,-1.085711)
(-2.684343,1.912803,-1.585711)
(-0.07983026,5.743499,-2.621291)
(-0.4798303,5.743499,-2.621291)
(0.5201697,5.743499,-2.121291)
(0.5201697,5.743499,-2.621291)
(-0.3179208,0.4648151,2.255553)
(-0.7179208,0.4648151,2.255553)
(0.2820792,0.4648151,2.755553)
(0.2820792,0.4648151,2.255553)
(1.368448,4.243471,-1.722241)
(0.9684476,4.243471,-1.722241)
(1.968448,4.243471,-1.222241)
(1.968448,4.243471,-1.722241)
(2.0787,1.752563,0.1689582)
(1.678699,1.752563,0.1689582)
(2.678699,1.752563,0.6689582)
(2.678699,1.752563,0.1689582)
(-3.049919,4.29612,-2.817766)
(-3.049919,4.29612,-3.317766)
(2.415,4.398134,2.158809)
(2.015,4.398134,2.158809)
(3.015,4.398134,2.658809)
(3.015,4.398134,2.158809)
(1.509564,0.2458534,-0.4995227)
(1.109564,0.2458534,-0.4995227)
(2.109564,0.2458534,0.00047731)
(2.109564,0.2458534,-0.4995227)
(-2.633855,5.049359,-1.537985)
(-3.033855,5.049359,-1.537985)
(-2.033855,5.049359,-1.037985)
(-2.033855,5.049359,-1.537985)
(0.2824868,0.6317196,-0.4769387)
(-0.1175132,0.6317196,-0.4769387)
(0.8824868,0.6317196,0.02306128)
(0.8824868,0.6317196,-0.4769387)
(0.6194247,2.402643,-2.305902)
(0.2194247,2.402643,-2.305902)
(1.219425,2.402643,-1.805902)
(1.219425,2.402643,-2.305902)
(-1.123775,3.012366,-3.177363)
(-1.523775,3.012366,-3.177363)
(-0.5237746,3.012366,-2.677363)
(-0.5237746,3.012366,-3.177363)
(-3.311408,6.164831,3.192546)
(-3.711408,6.164831,3.192546)
(-2.711408,6.164831,3.192546)
(-3.173357,1.134449,1.611206)
(-3.573358,1.134449,1.611206)
(-2.573358,1.134449,2.111206)
(-2.573358,1.134449,1.611206)
(3.135751,5.785633,0.653192)
(-3.381564,2.192953,2.109921)
(-3.781564,2.192953,2.109921)
(-2.781564,2.192953,2.609921)
(-2.781564,2.192953,2.109921)
(-0.8992501,2.251211,-0.3949761)
(-1.29925,2.251211,-0.3949761)
(-0.2992501,2.251211,0.1050239)
(-0.2992501,2.251211,-0.3949761)
(0.1730851,2.074451,0.07061148)
(-0.2269149,2.074451,0.07061148)
(0.7730851,2.074451,0.5706115)
(0.7730851,2.074451,0.07061148)
(-1.087565,1.263914,-2.334367)
(-1.487565,1.263914,-2.334367)
(-0.4875646,1.263914,-1.834367)
(-0.4875646,1.263914,-2.334367)
(3.011832,4.32914,1.546569)
(2.611832,4.32914,1.546569)
(3.611832,4.32914,2.046569)
(3.611832,4.32914,1.546569)
(1.385999,1.521917,0.3240199)
(0.985999,1.521917,0.3240199)
(1.985999,1.521917,0.8240199)
(1.985999,1.521917,0.3240199)
(-3.045388,6.801412,0.1546187)
(-3.445388,6.801412,0.1546187)
(-2.445388,6.801412,0.1546187)
(0.156537,2.383438,-2.266241)
(-0.243463,2.383438,-2.266241)
(0.756537,2.383438,-1.766241)
(0.756537,2.383438,-2.266241)
(0.3910874,2.149107,2.34959)
(-0.00891256,2.149107,2.34959)
(0.9910874,2.149107,2.84959)
(0.9910874,2.149107,2.34959)
(3.719892,1.540446,-2.497855)
(3.319892,1.540446,-2.497855)
(4.319892,1.540446,-1.997855)
(4.319892,1.540446,-2.497855)
(0.1198119,0.2308788,1.619827)
(-0.2801881,0.2308788,1.619827)
(0.7198119,0.2308788,2.119827)
(0.7198119,0.2308788,1.619827)
(-3.447265,1.362542,-0.5549436)
(-3.847265,1.362542,-0.5549436)
(-2.847265,1.362542,-0.05494356)
(-2.847265,1.362542,-0.5549436)
(-3.03059,0.6026917,1.174205)
(-3.43059,0.6026917,1.174205)
(-2.43059,0.6026917,1.674205)
(-2.43059,0.6026917,1.174205)
(1.746331,1.657284,-1.654926)
(1.346331,1.657284,-1.654926)
(2.346332,1.657284,-1.154926)
(2.346332,1.657284,-1.654926)
(-3.224179,2.566974,-2.196876)
(-3.624179,2.566974,-2.196876)
(-2.624179,2.566974,-1.696876)
(-2.624179,2.566974,-2.196876)
(-3.650947,3.614521,0.6551929)
(-4.050947,3.614521,0.6551929)
(-3.050947,3.614521,1.155193)
(-3.050947,3.614521,0.6551929)
(2.811809,4.485675,-1.305494)
(2.411809,4.485675,-1.305494)
(3.411809,4.485675,-0.8054938)
(3.411809,4.485675,-1.305494)
(0.4452046,3.081257,2.992852)
(0.04520464,3.081257,2.992852)
(1.045205,3.081257,3.492852)
(1.045205,3.081257,2.992852)
(-3.555845,1.919665,0.5067954)
(-3.955845,1.919665,0.5067954)
(-2.955845,1.919665,1.006795)
(-2.955845,1.919665,0.5067954)
(1.912259,0.3915758,-3.448182)
(1.512259,0.3915758,-3.448182)
(2.512259,0.3915758,-2.948182)
(2.512259,0.3915758,-3.448182)
(2.646887,0.1895304,2.274285)
(2.246887,0.1895304,2.274285)
(3.246887,0.1895304,2.774285)
(3.246887,0.1895304,2.274285)
(3.062194,6.347778,-1.720423)
(2.662194,6.347778,-1.720423)
(2.631362,5.491,0.6412129)
(2.231362,5.491,0.6412129)
(3.231362,5.491,1.141213)
(3.231362,5.491,0.6412129)
(3.207666,1.870148,2.952559)
(2.807666,1.870148,2.952559)
(3.807666,1.870148,3.452559)
(3.807666,1.870148,2.952559)
(2.737951,3.438456,1.976097)
(2.337951,3.438456,1.976097)
(3.337951,3.438456,2.476097)
(3.337951,3.438456,1.976097)
(0.00405017,4.961686,-1.585909)
(-0.3959498,4.961686,-1.585909)
(0.6040502,4.961686,-1.085909)
(0.6040502,4.961686,-1.585909)
(-1.037439,3.138859,-0.804956)
(-1.437439,3.138859,-0.804956)
(-0.4374394,3.138859,-0.304956)
(-0.4374394,3.138859,-0.804956)
(3.049951,1.978893,-1.450252)
(2.649951,1.978893,-1.450252)
(3.649951,1.978893,-0.9502521)
(3.649951,1.978893,-1.450252)
(-3.815549,0.1880684,-0.2532697)
(-4.215549,0.1880684,-0.2532697)
(-3.215549,0.1880684,0.2467303)
(-3.215549,0.1880684,-0.2532697)
(-0.7374812,1.546875,-1.725201)
(-1.137481,1.546875,-1.725201)
(-0.1374812,1.546875,-1.225201)
(-0.1374812,1.546875,-1.725201)
(-0.3002778,6.70155,-0.9546971)
(-0.7002778,6.70155,-0.9546971)
(3.803601,4.627891,0.3362241)
(3.403601,4.627891,0.3362241)
(4.403601,4.627891,0.8362241)
(4.403601,4.627891,0.3362241)
(-1.009067,2.484565,-3.597794)
(-1.009067,2.484565,-4.097794)
(1.689714,5.153916,0.4525781)
(1.289714,5.153916,0.4525781)
(2.289714,5.153916,0.9525781)
(2.289714,5.153916,0.4525781)
(-3.714056,1.314098,-0.8062596)
(-4.114057,1.314098,-0.8062596)
(-3.114057,1.314098,-0.3062596)
(-3.114057,1.314098,-0.8062596)
(-0.6305162,3.019935,-3.93123)
(-1.030516,3.019935,-3.93123)
(-0.03051615,3.019935,-3.43123)
(-0.03051615,3.019935,-3.93123)
(-2.753528,7.139322,-1.317338)
(-3.153528,7.139322,-1.317338)
(0.7295922,4.478288,-0.03153467)
(0.3295922,4.478288,-0.03153467)
(1.329592,4.478288,0.4684653)
(1.329592,4.478288,-0.03153467)
(-1.805299,4.598434,-1.793519)
(-2.205299,4.598434,-1.793519)
(-1.205299,4.598434,-1.293519)
(-1.205299,4.598434,-1.793519)
(-2.431606,1.641805,1.717977)
(-2.831606,1.641805,1.717977)
(-1.831606,1.641805,2.217978)
(-1.831606,1.641805,1.717977)
(-2.626068,6.460298,-0.7779975)
(-3.026068,6.460298,-0.7779975)
(-2.026068,6.460298,-0.2779975)
(-2.026068,6.460298,-0.7779975)
(1.684819,0.6145926,-0.8311992)
(1.284819,0.6145926,-0.8311992)
(2.28482,0.6145926,-0.3311992)
(2.28482,0.6145926,-0.8311992)
(-3.13147,4.138412,-0.7682014)
(-3.53147,4.138412,-0.7682014)
(-2.53147,4.138412,-0.2682014)
(-2.53147,4.138412,-0.7682014)
(-1.819496,3.014468,-3.276809)
(-1.819496,3.014468,-3.776809)
(-4.077857,1.989942,2.659081)
(-4.477857,1.989942,2.659081)
(-3.477857,1.989942,3.159081)
(-3.477857,1.989942,2.659081)
(-0.4724418,0.8777266,-2.932589)
(-0.8724418,0.8777266,-2.932589)
(0.1275582,0.8777266,-2.432589)
(0.1275582,0.8777266,-2.932589)
(3.21488,3.983466,-2.583895)
(2.81488,3.983466,-2.583895)
(3.81488,3.983466,-2.083895)
(3.81488,3.983466,-2.583895)
(-1.602548,4.477033,-1.944267)
(-2.002548,4.477033,-1.944267)
(-1.002548,4.477033,-1.444267)
(-1.002548,4.477033,-1.944267)
(2.727687,3.160094,-4.040217)
(2.327687,3.160094,-4.040217)
(3.327687,3.160094,-3.540217)
(3.327687,3.160094,-4.040217)
(-1.54249,4.559165,2.677179)
(-1.94249,4.559165,2.677179)
(-0.9424901,4.559165,3.177179)
(-0.9424901,4.559165,2.677179)
(0.9186766,0.1523829,2.689673)
(0.5186766,0.1523829,2.689673)
(1.518677,0.1523829,3.189673)
(1.518677,0.1523829,2.689673)
(-1.698363,2.486678,-3.473621)
(0.6743411,4.205912,-3.99359)
(0.2743411,4.205912,-3.99359)
(1.274341,4.205912,-3.49359)
(1.274341,4.205912,-3.99359)
(-1.184787,5.489271,3.709278)
(-1.584787,5.489271,3.709278)
(-0.5847869,5.489271,4.209278)
(-0.5847869,5.489271,3.709278)
(-0.2214595,4.844012,-3.013827)
(-0.6214595,4.844012,-3.013827)
(0.3785405,4.844012,-2.513827)
(0.3785405,4.844012,-3.013827)
(3.383134,0.9058809,-1.454521)
(2.983134,0.9058809,-1.454521)
(3.983134,0.9058809,-0.9545207)
(3.983134,0.9058809,-1.454521)
(-3.492967,5.404235,-0.6498637)
(-3.892967,5.404235,-0.6498637)
(-2.892967,5.404235,-0.1498637)
(-2.892967,5.404235,-0.6498637)
(-1.093978,5.737539,2.75792)
(-1.493978,5.737539,2.75792)
(-0.493978,5.737539,3.25792)
(-0.493978,5.737539,2.75792)
(-1.750334,5.509959,2.995978)
(-2.150334,5.509959,2.995978)
(-1.150334,5.509959,3.495978)
(-1.150334,5.509959,2.995978)
(-2.697396,2.143866,-0.8134561)
(-3.097396,2.143866,-0.8134561)
(-2.097396,2.143866,-0.3134561)
(-2.097396,2.143866,-0.8134561)
(0.7707986,1.407131,0.6071496)
(0.3707986,1.407131,0.6071496)
(1.370799,1.407131,1.10715)
(1.370799,1.407131,0.6071496)
(2.03394,2.323962,1.583342)
(1.63394,2.323962,1.583342)
(2.63394,2.323962,2.083343)
(2.63394,2.323962,1.583342)
(-3.375507,6.4079,2.49285)
(-3.775507,6.4079,2.49285)
(-2.775507,6.4079,2.49285)
(0.03794661,3.233331,3.184059)
(-0.3620534,3.233331,3.184059)
(0.6379466,3.233331,3.684059)
(0.6379466,3.233331,3.184059)
(0.4070558,0.5561628,2.861573)
(0.00705576,0.5561628,2.861573)
(1.007056,0.5561628,3.361573)
(1.007056,0.5561628,2.861573)
(-1.525438,1.884902,3.322585)
(-1.925438,1.884902,3.322585)
(-0.9254384,1.884902,3.822585)
(-0.9254384,1.884902,3.322585)
(0.5783595,3.153244,-4.065886)
(0.1783595,3.153244,-4.065886)
(1.17836,3.153244,-3.565886)
(1.17836,3.153244,-4.065886)
(-2.061867,3.790588,-2.338323)
(-2.461867,3.790588,-2.338323)
(-1.461867,3.790588,-1.838323)
(-1.461867,3.790588,-2.338323)
(3.581737,5.012735,2.091437)
(3.181737,5.012735,2.091437)
(4.181737,5.012735,2.591437)
(4.181737,5.012735,2.091437)
(0.06117144,2.59164,0.2493567)
(-0.3388286,2.59164,0.2493567)
(0.6611714,2.59164,0.7493567)
(0.6611714,2.59164,0.2493567)
(2.146631,4.266561,2.687377)
(1.746631,4.266561,2.687377)
(2.746631,4.266561,3.187377)
(2.746631,4.266561,2.687377)
(3.488246,0.7102957,-2.695621)
(3.088246,0.7102957,-2.695621)
(4.088246,0.7102957,-2.195621)
(4.088246,0.7102957,-2.695621)
(-2.409276,6.181775,-0.7086663)
(-2.809276,6.181775,-0.7086663)
(-1.809276,6.181775,-0.2086663)
(-1.809276,6.181775,-0.7086663)
(-2.69704,0.9211912,1.161135)
(-3.09704,0.9211912,1.161135)
(-2.09704,0.9211912,1.661135)
(-2.09704,0.9211912,1.161135)
(-1.8975,1.369056,3.416966)
(-2.2975,1.369056,3.416966)
(-1.2975,1.369056,3.916966)
(-1.2975,1.369056,3.416966)
(-1.283101,2.060147,-3.265405)
(-1.283101,2.060147,-3.765405)
(2.20419,5.970648,-1.053503)
(1.80419,5.970648,-1.053503)
(2.80419,5.970648,-0.5535026)
(2.80419,5.970648,-1.053503)
(-0.07017145,1.268692,1.409199)
(-0.4701715,1.268692,1.409199)
(0.5298285,1.268692,1.909199)
(0.5298285,1.268692,1.409199)
(-0.4951421,6.854722,-3.309473)
(-0.8951421,6.854722,-3.309473)
(0.1048579,6.854722,-2.809473)
(0.00423995,0.8270893,0.5034413)
(-0.3957601,0.8270893,0.5034413)
(0.6042399,0.8270893,1.003441)
(0.6042399,0.8270893,0.5034413)
(1.697406,3.579381,0.9823283)
(1.297406,3.579381,0.9823283)
(2.297406,3.579381,1.482328)
(2.297406,3.579381,0.9823283)
(-1.330676,5.664714,1.645705)
(-1.730676,5.664714,1.645705)
(-0.7306762,5.664714,2.145705)
(-0.7306762,5.664714,1.645705)
(-0.107278,5.675669,-0.6637139)
(-0.507278,5.675669,-0.6637139)
(0.492722,5.675669,-0.1637139)
(0.492722,5.675669,-0.6637139)
(1.64822,2.622787,0.1975017)
(1.24822,2.622787,0.1975017)
(2.24822,2.622787,0.6975017)
(2.24822,2.622787,0.1975017)
(-0.0404292,4.295573,1.607198)
(-0.4404292,4.295573,1.607198)
(0.5595708,4.295573,2.107198)
(0.5595708,4.295573,1.607198)
(-0.3332482,3.050437,-3.901402)
(-0.7332482,3.050437,-3.901402)
(0.2667518,3.050437,-3.401402)
(0.2667518,3.050437,-3.901402)
(2.578837,2.590905,3.648173)
(2.178837,2.590905,3.648173)
(3.178837,2.590905,4.148173)
(3.178837,2.590905,3.648173)
(3.343439,0.6460991,0.05805063)
(2.943439,0.6460991,0.05805063)
(3.943439,0.6460991,0.5580506)
(3.943439,0.6460991,0.05805063)
(0.8046302,2.17373,0.4537816)
(0.4046302,2.17373,0.4537816)
(1.40463,2.17373,0.9537816)
(1.40463,2.17373,0.4537816)
(-2.277775,3.292966,-1.549566)
(-2.677775,3.292966,-1.549566)
(-1.677775,3.292966,-1.049566)
(-1.677775,3.292966,-1.549566)
(0.6267527,1.239991,2.950988)
(0.2267528,1.239991,2.950988)
(1.226753,1.239991,3.450988)
(1.226753,1.239991,2.950988)
(-0.5547925,3.711171,-2.839071)
(-0.9547925,3.711171,-2.839071)
(0.0452075,3.711171,-2.339071)
(0.0452075,3.711171,-2.839071)
(-0.7761394,3.351643,1.60226)
(-1.176139,3.351643,1.60226)
(-0.1761394,3.351643,2.102261)
(-0.1761394,3.351643,1.60226)
(2.722606,4.252327,-2.583493)
(2.322606,4.252327,-2.583493)
(3.322606,4.252327,-2.083493)
(3.322606,4.252327,-2.583493)
(-2.438785,6.98381,-1.91241)
(-2.838785,6.98381,-1.91241)
(-1.838785,6.98381,-1.41241)
(-1.838785,6.98381,-1.91241)
(-3.785053,1.941241,1.083769)
(-4.185053,1.941241,1.083769)
(-3.185053,1.941241,1.583769)
(-3.185053,1.941241,1.083769)
(3.579423,1.936407,-2.463884)
(3.179423,1.936407,-2.463884)
(4.179423,1.936407,-1.963884)
(4.179423,1.936407,-2.463884)
(-3.943457,5.847505,-2.057723)
(-4.343457,5.847505,-2.057723)
(-3.343457,5.847505,-1.557723)
(-3.343457,5.847505,-2.057723)
(-2.97819,5.011794,1.629539)
(-3.37819,5.011794,1.629539)
(-2.37819,5.011794,2.129539)
(-2.37819,5.011794,1.629539)
(0.1519212,2.975331,2.881417)
(-0.2480788,2.975331,2.881417)
(0.7519212,2.975331,3.381417)
(0.7519212,2.975331,2.881417)
(-1.412921,3.243277,-3.584952)
(-1.412921,3.243277,-4.084952)
(-3.801267,2.393161,3.536517)
(-4.201267,2.393161,3.536517)
(-3.201267,2.393161,4.036517)
(-3.201267,2.393161,3.536517)
(1.443662,2.564978,-1.951659)
(1.043662,2.564978,-1.951659)
(2.043662,2.564978,-1.451659)
(2.043662,2.564978,-1.951659)
(-0.7543641,6.361844,-2.807515)
(-1.154364,6.361844,-2.807515)
(-0.1543641,6.361844,-2.307515)
(-0.1543641,6.361844,-2.807515)
(0.9226,4.094523,-0.1526675)
(0.5226001,4.094523,-0.1526675)
(1.5226,4.094523,0.3473325)
(1.5226,4.094523,-0.1526675)
(-2.292486,2.65917,-2.754351)
(-2.692486,2.65917,-2.754351)
(-1.692486,2.65917,-2.254351)
(-1.692486,2.65917,-2.754351)
(-3.617722,6.233187,-3.004719)
(-4.017722,6.233187,-3.004719)
(-3.017722,6.233187,-2.504719)
(-3.017722,6.233187,-3.004719)
(-2.369163,7.116069,-3.732466)
(-0.7132455,3.329913,-4.220594)
(-1.113245,3.329913,-4.220594)
(-0.1132455,3.329913,-3.720594)
(-0.1132455,3.329913,-4.220594)
(-1.172909,4.863677,-3.74693)
(-1.572909,4.863677,-3.74693)
(-0.5729089,4.863677,-3.24693)
(-0.5729089,4.863677,-3.74693)
(2.538188,3.375757,3.559212)
(2.138187,3.375757,3.559212)
(3.138187,3.375757,4.059212)
(3.138187,3.375757,3.559212)
(2.313171,5.054793,-0.5581183)
(1.913171,5.054793,-0.5581183)
(2.913171,5.054793,-0.05811834)
(2.913171,5.054793,-0.5581183)
(0.7052659,2.627428,-3.55121)
(0.3052659,2.627428,-3.55121)
(1.305266,2.627428,-3.05121)
(1.305266,2.627428,-3.55121)
(0.7320403,1.99705,3.340089)
(0.3320403,1.99705,3.340089)
(1.33204,1.99705,3.840089)
(1.33204,1.99705,3.340089)
(-1.346723,0.4841738,-2.853078)
(-1.346723,0.4841738,-3.353078)
(-0.7853585,3.299505,-2.188615)
(-1.185359,3.299505,-2.188615)
(-0.1853585,3.299505,-1.688615)
(-0.1853585,3.299505,-2.188615)
(-1.710055,5.433962,-0.9392438)
(-2.110054,5.433962,-0.9392438)
(-1.110054,5.433962,-0.4392438)
(-1.110054,5.433962,-0.9392438)
(1.786223,3.17802,2.149914)
(1.386223,3.17802,2.149914)
(2.386223,3.17802,2.649914)
(2.386223,3.17802,2.149914)
(0.5075825,4.282719,-3.065642)
(0.1075826,4.282719,-3.065642)
(1.107583,4.282719,-2.565642)
(1.107583,4.282719,-3.065642)
(-3.036599,4.524891,-3.45893)
(-2.436599,4.524891,-2.95893)
(-2.436599,4.524891,-3.45893)
(-2.735112,4.237696,-3.224957)
(-3.135112,4.237696,-3.224957)
(-2.135112,4.237696,-2.724957)
(-2.135112,4.237696,-3.224957)
(-3.362703,2.472387,3.700533)
(-3.762703,2.472387,3.700533)
(-2.762703,2.472387,4.200533)
(-2.762703,2.472387,3.700533)
(-2.521178,0.4063988,1.898522)
(-2.921178,0.4063988,1.898522)
(-1.921178,0.4063988,2.398522)
(-1.921178,0.4063988,1.898522)
(-2.066034,4.659803,-3.694749)
(-2.466034,4.659803,-3.694749)
(-1.466034,4.659803,-3.194749)
(-1.466034,4.659803,-3.694749)
(-1.371849,1.199645,0.2812057)
(-1.771849,1.199645,0.2812057)
(-0.7718492,1.199645,0.7812057)
(-0.7718492,1.199645,0.2812057)
(-0.09999999,0.125,-0.25)
(-0.5,0.125,-0.25)
(0.5,0.125,0.25)
(0.5,0.125,-0.25)
(-0.09999999,0.125,-0.25)
(-0.5,0.125,-0.25)
(0.5,0.125,0.25)
(0.5,0.125,-0.25)
(-0.09999999,0.125,-0.25)
(-0.5,0.125,-0.25)
(0.5,0.125,0.25)
(0.5,0.125,-0.25)
(-0.09999999,0.125,-0.25)
(-0.5,0.125,-0.25)
(0.5,0.125,0.25)
(0.5,0.125,-0.25)
(-0.09999999,0.125,-0.25)
(-0.5,0.125,-0.25)
(0.5,0.125,0.25)
(0.5,0.125,-0.25)
(-0.09999999,0.125,-0.25)
(-0.5,0.125,-0.25)
(0.5,0.125,0.25)
(0.5,0.125,-0.25)
(-0.09999999,0.125,-0.25)
(-0.5,0.125,-0.25)
(0.5,0.125,0.25)
(0.5,0.125,-0.25)
(-0.09999999,0.125,-0.25)
(-0.5,0.125,-0.25)
(0.5,0.125,0.25)
(0.5,0.125,-0.25)
(-0.09999999,0.125,-0.25)
(-0.5,0.125,-0.25)
(0.5,0.125,0.25)
(0.5,0.125,-0.25)
(-0.09999999,0.125,-0.25)
(-0.5,0.125,-0.25)
(0.5,0.125,0.25)
(0.5,0.125,-0.25)
(-0.09999999,0.125,-0.25)
(-0.5,0.125,-0.25)
(0.5,0.125,0.25)
(0.5,0.125,-0.25)
(-0.09999999,0.125,-0.25)
(-0.5,0.125,-0.25)
(0.5,0.125,0.25)
(0.5,0.125,-0.25)
(-0.09999999,0.125,-0.25)
(-0.5,0.125,-0.25)
(0.5,0.125,0.25)
(0.5,0.125,-0.25)
(-0.09999999,0.125,-0.25)
(-0.5,0.125,-0.25)
(0.5,0.125,0.25)
(0.5,0.125,-0.25)
(-0.1865992,0.03829278,-0.2276827)
(-0.5592064,0.08545288,-0.09006087)
(0.5538424,0.1461809,-0.00383813)
(0.3723117,-0.03244736,-0.4341154)
(-0.0997818,0.125,-0.2500872)
(-0.4997817,0.125,-0.2504362)
(0.4997817,0.125,0.2504362)
(0.500218,0.125,-0.2495636)